# Square S=1 j2=0.45 jx=0.3 Ny=8 T1 bond=10000 vacuum state
-2   0.05449989573783488   -2.5797076922133733
-2   0.038035995536446376   2.918082911634592
-2   0.021772568146476153   2.1326837874289297
-2   0.007708199220600642   2.9180952698504514
-2   0.007085811635537817   2.1327054243161676
-2   0.004739894767846764   2.132707216336788
-2   0.002846932480854303   2.1327262286090063
-2   0.00020356951253233446   -2.579676126196231
-2   0.000676908632922264   -1.7942477489189916
-2   0.00013673896102942777   -2.579581575036807
-2   0.00011484907224146823   -2.57971161566973
-2   7.627876673006136e-05   2.9180749206423595
-2   6.41228476456729e-05   2.9180163335535094
-2   6.255118842589372e-05   2.917795136280531
-2   6.915413754768777e-05   -2.5795298771717614
-2   6.559317023169127e-05   -2.5795502062145603
-2   0.0002452696208713903   -1.794167019569351
-2   6.185978480763142e-05   -2.5800391226660615
-2   5.0298792599149824e-05   2.9180845008970846
-2   5.08277494083744e-05   -2.5794100978093613
-2   0.0001827997888176585   -1.7943116951659857
-2   4.5880236124613475e-05   -2.579543804118608
-2   4.4981600697756567e-05   -2.579461573489942
-2   3.8201309158177265e-05   2.9181646784572233
-2   3.98598077310324e-05   -2.5796169259058033
-2   3.89804435484741e-05   -2.579228657036982
-2   0.00014750380001224273   -1.7942888728215178
-2   3.0390581265734356e-05   2.918147945354502
-2   3.479408366544989e-05   -2.5796924055080037
-2   0.00012342738079044834   -1.794160774752528
-2   5.023754485731285e-05   2.1322565979406356
-2   0.00011722560746125728   -1.794381587294407
-2   0.00010426167910439132   -1.7941547370571793
-2   3.568802128251548e-05   2.1325537205164475
-2   8.134885708170912e-05   -1.7940955834548447
-2   8.010934991749315e-05   -1.7944716060043935
-2   7.958023790555484e-05   -1.7941471239294033
-2   6.052790152618677e-05   -1.7944440462048812
-2   5.8955372140622836e-05   -1.7943486242537772
-2   5.300644300311719e-05   -1.794161430626388
-2   5.0600931096412695e-05   -1.7943038172692927
-2   4.534780991100388e-05   -1.7946620261020005
-2   4.047483361264415e-05   -1.7944841208302051
-2   3.994549294477241e-05   -1.7943428032562714
-2   3.6335822529307574e-05   -1.7942834829479897
-2   3.493041076000502e-05   -1.794348572243507
-2   3.492680227442285e-05   -1.7938296367564457
-2   3.102607241374444e-05   -1.7945807316751472
-2   3.07666972207827e-05   -1.7947725296806858
-2   3.079912071038478e-05   -1.7942070059152357
-2   3.030875222356502e-05   -1.0084966234871366
-2   3.089253719251551e-05   -1.0093107606934555
-2   3.930889612278915e-05   -1.0081792457913548
-2   5.1139509572007656e-05   -1.00880074219843
-2   3.7868382455748424e-05   0.5621349559741914
-2   6.029044621190103e-05   -1.008963860683603
-2   6.94241387561968e-05   -1.0090119888288271
-2   7.474337820470959e-05   -1.0088242531840377
-2   7.939970115212967e-05   -1.0088846167282064
-2   8.329202133692726e-05   -1.0091040025396407
-2   8.365089777721651e-05   -1.008917116808657
-2   9.342512867840153e-05   -1.0089714491997004
-2   9.840835635831013e-05   -1.008788095630517
-2   0.00010395365446786988   -1.008638938080644
-2   0.0001075657366394952   -1.00878679783402
-2   0.00012957993938939676   -1.0087463404161519
-2   0.00013980294301423735   -1.0087821129729482
-2   0.00014592801699384955   -1.0090843150981685
-2   0.00018167703905169608   -1.0087759804297667
-2   0.00018819543647850476   -1.0089636248792815
-2   0.00012257546817126175   0.5620304111217849
-2   0.00020477050332474108   -1.008807620398208
-2   0.0001215458103105676   -0.22390927430407886
-2   0.00012397707073534938   -0.22369772120183481
-2   0.00024109226632746902   -1.0090316599214884
-2   0.00014056346499366693   -0.2233774104143484
-2   0.00014407890210596514   -0.22297422023709576
-2   0.00027271164283096703   -1.0089660242780405
-2   0.00016850847473258765   -0.22342782580003068
-2   0.00016989326782418826   -0.22348915392949464
-2   0.0003116865474874405   -1.0088892976886823
-2   0.00021737005038807234   -0.22349443172400366
-2   0.00042806642825845214   -1.0087873249842239
-2   0.0002497803866148131   -0.22342638366164486
-2   0.00028968373062614357   0.5620325489593815
-2   0.00025671389414341636   -0.22340517018794848
-2   0.001196264847985406   1.3473430794616157
-2   0.0012983371640478197   1.3473503704003391
-2   0.0003049148740500604   -0.22346746985106616
-2   0.00039645587031734227   0.5619980015243083
-2   0.00040205280999222387   0.5619427821952939
-2   0.0006399009396731744   -1.0088207139707406
-2   0.00035250530028079375   -0.22348880816283873
-2   0.0015578311270270384   1.3473428798488505
-2   0.00037257956589908475   -0.22347200955809204
-2   0.0003808780651684874   -0.2234660783105415
-2   0.0020167876738846338   1.347320869548203
-2   0.0004902188439000043   -0.22348292010561857
-2   0.0006184172229249586   0.5619385545340132
-2   0.0006617581090799127   0.5619186320500701
-2   0.0025464598533764204   1.3473049856673651
-2   0.000682322667063524   0.5619108556964505
-2   0.0007516703470504392   0.5619547021565406
-2   0.0007101946859036379   -0.22347339245559086
-2   0.003819753606229296   1.347312740824033
-2   0.004129401626312859   1.3472908634644414
-2   0.0012660800851485255   0.5619964930663394
-2   0.001209523215896519   -0.22339309369302685
-2   0.00139768272107067   0.5619537029339554
-2   0.0012401565480921952   -0.22351663500264668
-2   0.0018705735740606022   0.5618944697780559
-2   0.0024444934238140297   0.5618985527799303








0   0.3426783129517251   -1.7943154138613286
0   0.054499939266200934   -2.579707704519941
0   0.03803622235611567   2.918082904328496
0   0.01708687582302003   2.918091752462911
0   0.021772831526787252   2.1326837821496176
0   0.007708202205496885   2.9180952516524377
0   0.011478534817168444   2.1326983194385023
0   0.00708588098364665   2.132705424272925
0   0.004739919720938104   2.1327072160335825
0   0.0028469252624990686   2.1327262057669216
0   0.00020357636745868784   -2.579676119527529
0   0.0006769238070530132   -1.7942477585768732
0   0.00013674558275893344   -2.5795813581245164
0   0.00011485251472324819   -2.5797116632317594
0   0.00010706598790311087   -2.579420460468285
0   7.628192025744684e-05   2.9180747782075835
0   0.0002844992765606895   -1.7941316937513128
0   6.412662890434397e-05   2.918016938426455
0   6.255474743744603e-05   2.917794618925389
0   6.915781348058856e-05   -2.579530125833267
0   6.61385121202235e-05   -2.579568391040245
0   6.559672936577097e-05   -2.579550830058627
0   0.0002452795943344121   -1.7941668031618347
0   6.186259410400878e-05   -2.5800387604120187
0   5.043063620953483e-05   2.918437494166221
0   5.030068177097024e-05   2.9180846812271364
0   5.083030704003204e-05   -2.579409517937249
0   4.826578395329724e-05   -2.57981113427246
0   0.00018280544348713696   -1.7943115901530162
0   4.5882813831535235e-05   -2.579543429485206
0   4.4984001264022356e-05   -2.5794614575896126
0   3.820328475811379e-05   2.918164709988657
0   3.9861923207694574e-05   -2.5796174922221997
0   3.898214425270488e-05   -2.579228076916756
0   0.0001475088387806139   -1.794289168273515
0   0.00014436931627872975   -1.7941310552633387
0   3.0392902239230047e-05   2.918146719041859
0   3.479548938789632e-05   -2.5796926667026323
0   3.353113024113949e-05   -2.5798448574839266
0   0.00012343185007878985   -1.7941607198703526
0   5.023960717687313e-05   2.1322569262285813
0   0.00011722992184796341   -1.794381426930275
0   0.00010426630614166484   -1.7941545050742906
0   0.00010078592240783739   -1.7942730492960357
0   9.297353187919964e-05   -1.7942133325520182
0   3.568975634612216e-05   2.1325543672110925
0   8.1351553817645e-05   -1.7940955831128411
0   8.011207367125342e-05   -1.794471646304832
0   7.958374800461163e-05   -1.7941478152516908
0   6.071694578040977e-05   -1.7944836788397367
0   6.0529749050965645e-05   -1.7944444655639156
0   5.895764190869697e-05   -1.7943485008420936
0   5.3008658472252206e-05   -1.7941609373650258
0   5.060333057913463e-05   -1.7943037622543248
0   4.6467704623893766e-05   -1.7945537809986336
0   4.5349437451923205e-05   -1.7946613327102596
0   4.105375636958097e-05   -1.7944294357249508
0   4.0476396250502215e-05   -1.7944837499089654
0   3.994624601661019e-05   -1.7943430922347416
0   3.633708040963653e-05   -1.7942833239069758
0   3.4931913993709705e-05   -1.7943488362921742
0   3.4928088458960787e-05   -1.7938298477584573
0   3.102700516882034e-05   -1.7945805621438422
0   3.0768127780965944e-05   -1.7947727938633655
0   3.0799581765144286e-05   -1.7942075777652804
0   3.0309607174342973e-05   -1.0084968168757233
0   3.0893637527552346e-05   -1.0093107454874162
0   3.811457582632084e-05   -1.0086972622758525
0   3.930893721256261e-05   -1.0081793223663247
0   5.114109610502293e-05   -1.0088004944241422
0   3.7868756840048305e-05   0.5621354238972343
0   6.029204877949433e-05   -1.0089639931471561
0   3.430879976227368e-05   -0.22333121749382862
0   6.62153348247675e-05   -1.0090276472526871
0   6.942577043005011e-05   -1.0090120196940295
0   7.474444276117851e-05   -1.0088240434083713
0   7.94023483892728e-05   -1.0088845257273782
0   8.32926331931805e-05   -1.0091032808718452
0   8.36535085207287e-05   -1.0089167897682048
0   9.305656565593962e-05   -1.0090320832528432
0   9.342780236291161e-05   -1.0089717699606695
0   9.841113652154711e-05   -1.0087879072608887
0   0.00010395622924207012   -1.008638822219128
0   0.00010756860159068446   -1.008786795644095
0   6.224818898247125e-05   -0.22293267632156588
0   0.0001279638485782899   -1.0087912893210331
0   0.00012958342148603353   -1.0087463465762887
0   0.00013980663303033472   -1.0087819432432819
0   0.0001459324408989584   -1.0090839995087746
0   0.0001023804237873466   0.5624323453430591
0   0.0001816831337257838   -1.00877590803623
0   0.00018820034285001983   -1.008963378352421
0   0.0001225771322739055   0.562030163624505
0   0.00020477551256997955   -1.0088075950045912
0   0.00021066914940281905   -1.0087397273445569
0   0.00012154735539334941   -0.2239093844967905
0   0.00012398034799450386   -0.2236977125759035
0   0.000241099060482338   -1.0090313922715897
0   0.00014056673965975034   -0.22337749284673966
0   0.00014408356498501966   -0.22297414706238197
0   0.0002727185342329292   -1.0089660254867931
0   0.00029011279834784137   -1.0086803173371752
0   0.00016851095019854831   -0.22342789393568008
0   0.00016989620079229344   -0.2234890884216014
0   0.00031169476123063143   -1.0088892249202641
0   0.00018901250741543173   -0.22344217043704456
0   0.000217374686586188   -0.22349428980403285
0   0.000980715016933359   1.3473723970471025
0   0.0004280755130903273   -1.0087873748706178
0   0.0002497848708078316   -0.22342646273362804
0   0.0002508557422586844   -0.22338565530938712
0   0.00028968633037312284   0.5620324072048237
0   0.0002567187821795852   -0.22340527554015235
0   0.001196275328672144   1.3473430818563252
0   0.0012983431232787641   1.3473503521843326
0   0.0003049202975470123   -0.22346742553928084
0   0.00039646400851809385   0.5619979332752703
0   0.00040205784906219294   0.5619428002515429
0   0.0006399298128700268   -1.0088207090130812
0   0.00035251333469502207   -0.2234887257262828
0   0.0015578310550642257   1.3473429110076902
0   0.00035619925441256396   -0.22333456544174973
0   0.00037258544768912214   -0.2234720109332819
0   0.00038088538032592426   -0.2234661009176217
0   0.002016803416773433   1.3473208503139893
0   0.0004902271470629675   -0.2234829014568433
0   0.0005667439185726586   0.5619745239200247
0   0.0004927539274615765   -0.22353066173586553
0   0.00061842548030606   0.5619385736903377
0   0.0006617706343508327   0.5619186669470644
0   0.002546487043615196   1.3473049773718606
0   0.0006823349891463112   0.561910765446194
0   0.000751673110522909   0.5619546429546666
0   0.0007102042907875872   -0.22347345467720997
0   0.0038197882806511106   1.3473127483866916
0   0.004129470112143475   1.3472908562964843
0   0.004157967986072368   1.3473173379019923
0   0.0012661040141364566   0.5619964440526631
0   0.0012095605727080233   -0.22339311416059335
0   0.001397705229787518   0.5619536650959982
0   0.0012401815524522763   -0.22351657599563024
0   0.006028732995550108   1.3473104828400775
0   0.0018706026901534952   0.5618944889282764
0   0.0016314575931567436   -0.22349157889252347
0   0.0024445339485841024   0.5618985280547031
0   0.002577914192819323   0.5619201050875954









2   0.054500020562576794   -2.5797077105687856
2   0.03803647667485098   2.9180828975682376
2   0.02177311148428998   2.132683778351084
2   0.007708206140350451   2.918095232494012
2   0.007085945845255711   2.132705446367857
2   0.004739949030181171   2.1327072104562217
2   0.0028469213112657116   2.132726207993812
2   0.00020358426214472144   -2.5796760035307296
2   0.0006769411403987099   -1.7942477096143012
2   0.00013675395965628164   -2.5795807947686256
2   0.0001148568199357423   -2.5797116095143484
2   7.628583076604456e-05   2.91807486916619
2   6.413078623818606e-05   2.9180168770883577
2   6.255897287657e-05   2.9177946707796076
2   6.916156583857799e-05   -2.5795308807560637
2   6.560079685775716e-05   -2.5795507797317354
2   0.0002452911552493129   -1.7941668268837392
2   6.186566510706363e-05   -2.5800391468121817
2   5.030282834399021e-05   2.91808555888203
2   5.0833270653400244e-05   -2.579408715250783
2   0.0001828128913426203   -1.7943113449028774
2   4.588625041695562e-05   -2.5795440101092986
2   4.498697735727101e-05   -2.5794620449333237
2   3.820613812953055e-05   2.9181646863521804
2   3.9864662695271105e-05   -2.5796181515953602
2   3.898426060252117e-05   -2.579228905346166
2   0.0001475148220785144   -1.7942893185558215
2   3.0395629918815388e-05   2.918144790496718
2   3.4797214966827656e-05   -2.579693236112924
2   0.00012343680041840667   -1.7941608760520429
2   5.024186279427089e-05   2.13225662527307
2   0.00011723479196800638   -1.794381777068083
2   0.00010427104899644733   -1.7941544704516963
2   3.569157891643425e-05   2.1325553001878585
2   8.135506721022637e-05   -1.7940953869783878
2   8.011544182635904e-05   -1.7944711959877266
2   7.9587890364198e-05   -1.7941478188003426
2   6.05320004406131e-05   -1.7944443941288253
2   5.896012804475429e-05   -1.7943485867159519
2   5.301172141630454e-05   -1.794161094631574
2   5.060610017807754e-05   -1.7943038036493033
2   4.535166818095435e-05   -1.7946611734452138
2   4.047829384785628e-05   -1.794483509962174
2   3.994726778292017e-05   -1.794343732448199
2   3.6338712988690044e-05   -1.7942832567726896
2   3.493408314272936e-05   -1.7943484155778662
2   3.492966380930916e-05   -1.7938299987353108
2   3.102808120853514e-05   -1.7945804725467411
2   3.076977052546518e-05   -1.7947725229646947
2   3.0800440087552416e-05   -1.7942073614146574
2   3.031052701511793e-05   -1.0084966653759297
2   3.0894919126438844e-05   -1.0093113316864433
2   3.930921008970342e-05   -1.0081795325553105
2   5.1142985427179715e-05   -1.0088004994218882
2   3.786939350766751e-05   0.5621362649495206
2   6.0293875485516474e-05   -1.008963917188036
2   6.942763136575996e-05   -1.0090119627403038
2   7.474572570868324e-05   -1.0088238215363268
2   7.940563264627212e-05   -1.0088840840979802
2   8.329397250699501e-05   -1.0091025951298662
2   8.365676903857571e-05   -1.0089162591257645
2   9.343099387054892e-05   -1.0089717323277712
2   9.841407161700635e-05   -1.0087876797183357
2   0.00010395899721978872   -1.0086388418153147
2   0.00010757206380414877   -1.0087868656737011
2   0.0001295874974151955   -1.0087466056592351
2   0.00013981107265762717   -1.0087818364983343
2   0.00014593790787744746   -1.0090839972705794
2   0.00018169025843269276   -1.0087760199319047
2   0.00018820668611680877   -1.0089630940565666
2   0.00012257923079777235   0.5620301417804513
2   0.0002047804768497822   -1.0088075945803574
2   0.00012154940635128728   -0.2239088220877528
2   0.00012398388985021132   -0.22369775507136241
2   0.00024110733714351426   -1.0090312959452135
2   0.00014057043474224984   -0.22337751982522722
2   0.00014408931471060162   -0.22297457306609098
2   0.0002727275052573711   -1.0089658509117079
2   0.00016851383626083002   -0.22342789261012533
2   0.00016990011748601772   -0.22348892518228075
2   0.0003117046863310945   -1.0088891289402542
2   0.0002173802357789997   -0.22349409115834254
2   0.00042808677968722754   -1.0087874018754868
2   0.00024978973388437215   -0.22342635659598156
2   0.0002896889414086857   0.5620323042350536
2   0.00025672293942597264   -0.2234052694456208
2   0.0011962867223331126   1.3473431239094515
2   0.0012983526585475112   1.3473503501726152
2   0.0003049264744874171   -0.22346737134387115
2   0.0003964713023238677   0.5619978219400621
2   0.00040206339725568796   0.5619427937379086
2   0.000639966833533022   -1.008820599908737
2   0.0003525230627505979   -0.22348868609664535
2   0.0015578350288466237   1.3473428447855293
2   0.00037259130132199364   -0.22347208469887017
2   0.0003808935734958644   -0.22346604313288443
2   0.0020168199256555604   1.347320870421885
2   0.0004902378078931723   -0.22348303256891008
2   0.0006184343238165182   0.5619384865237229
2   0.0006617859683769689   0.5619186616927889
2   0.00254651640702283   1.3473049913548028
2   0.000682348564122783   0.5619107765632698
2   0.000751677524575762   0.5619546029169216
2   0.0007102159069381839   -0.22347343475733059
2   0.0038198276617788514   1.347312718050073
2   0.004129544561051035   1.3472907825548321
2   0.0012661322377186424   0.5619963751414119
2   0.0012096086395725091   -0.22339320694050552
2   0.0013977338857478884   0.5619537109725553
2   0.0012402093872908965   -0.22351655208773388
2   0.0018706364362324152   0.5618944631694254
2   0.0024445748669982476   0.5618985299282991









# Square S=1 j2=0.45 jx=0.3 Ny=7 bond=6000 non-Abelian state
-2   0.0029447101598667506   -2.555477724651352
-2   0.0023588304926142646   -2.55548294504122
-2   0.0016197407619072033   2.8301397146791625
-2   0.0017108870437712352   -2.5554665789364654
-2   0.0014945336475261678   -2.555459667413359
-2   0.0012663943949254327   -2.5554130394839865
-2   0.0012034486445444176   -2.5554894246847444
-2   0.001022661363986211   2.8301714989540363
-2   0.0008983806407926104   -2.555386381601803
-2   0.008411066855428327   -1.6579067644651946
-2   0.000766831401444935   2.830138411719429
-2   0.0007115463251113456   2.830045591703075
-2   0.0006377098933933495   2.8301076876433884
-2   0.0005335089447554244   2.830089905429768
-2   0.0004898734224007678   2.8300840338645714
-2   0.005213208905501177   -1.6578868791252153
-2   0.0004422502743683947   2.830104075262474
-2   0.0047681349138353   -1.6578699533958086
-2   0.0010793432458961075   1.9325511739772483
-2   0.00038085525655072515   2.8301894234463654
-2   0.0003720691561450149   2.830068958365165
-2   0.00036433207569620845   -2.5551224282860003
-2   0.0002667918915094401   2.8301243706550756
-2   0.002351896960116688   -1.657846304751761
-2   0.0004823734684142184   1.9325915097918758
-2   0.00046545813084783964   1.9324164239933117
-2   0.0003838765226793605   1.9325864722398265
-2   0.00033751705933868627   1.9324216689192355
-2   0.0003237356731845283   1.932673389776104
-2   0.00023926661169051624   1.9324628273330025
-2   0.00023544797125017117   1.9323794169039397
-2   0.00021707823223881495   1.9324625717076682
-2   7.362608644603459e-05   2.8307627430098803
-2   0.00017595701593847463   1.932461263241046
-2   0.00013486816553627228   1.932339809915012
-2   0.0001328831951947739   1.9323363152028126
-2   0.00012848964637624555   1.9323627710396927
-2   0.00012380392903987513   1.9325216544277979
-2   4.557523679647793e-05   2.8304692537090546
-2   0.00011585463782865551   1.9325576500734734
-2   3.77225090151531e-05   2.830239764245622
-2   8.40079286708848e-05   1.932211194703806
-2   3.167004901427718e-05   -1.6588077329692152
-2   3.355048211244539e-05   1.0347776549332819
-2   4.033872774430031e-05   1.0356452926700397
-2   3.018761074841803e-05   -0.7603885828891707
-2   3.1016652213730176e-05   -0.7606355752116822
-2   4.4673842078133044e-05   1.0345168140335739
-2   3.279398294243894e-05   -0.7607875061586964
-2   3.526835003043344e-05   -0.7606527882102356
-2   5.1374118512936816e-05   1.035458366869942
-2   5.337217043027651e-05   1.0340988042859507
-2   4.128451788018468e-05   -0.7605608052589277
-2   5.908572546639474e-05   1.0346463793827423
-2   5.9557611335905725e-05   1.034319590537469
-2   3.1121069746770875e-05   0.13654801570280964
-2   3.232457443566636e-05   0.13678462168696442
-2   4.481876373602399e-05   -0.7604938238399233
-2   3.336617318370281e-05   0.13716213333939142
-2   3.380346447957497e-05   0.1376305999565309
-2   6.75501731322876e-05   1.0343943150445623
-2   6.869253367554413e-05   1.034917209459323
-2   3.637802786527535e-05   0.13784749957450132
-2   5.334753524955372e-05   -0.7605266776330885
-2   4.141994883375721e-05   0.13715267934545228
-2   8.54175548906699e-05   1.0349895563758953
-2   6.02104815681106e-05   -0.7606607873188808
-2   4.559420640120795e-05   0.13757610896111488
-2   9.05960825191459e-05   1.0347107611307524
-2   0.00010172720029743494   1.0347755110127488
-2   5.363132276130006e-05   0.13729918775242628
-2   0.00012109129116070657   1.034865044780502
-2   6.24661780796755e-05   0.1372187393006049
-2   0.00013042087791527326   1.0352493844221538
-2   9.710954690094541e-05   -0.7606198532459167
-2   0.00015645776700797141   1.0350080950927842
-2   8.33549110140237e-05   0.13722402626436506
-2   0.00017237117449232773   1.0347995849799396
-2   9.629586052107444e-05   0.13754926242283114
-2   9.931230130704584e-05   0.13723295869319185
-2   0.00020166363108307643   1.03497543853675
-2   0.0001161360690793649   0.13739083500677146
-2   0.0001226316445398632   0.13739252489271322
-2   0.00024895693337203916   1.0350935545262605
-2   0.0002508933195267344   1.035085935278877
-2   0.00016578176182179065   0.1372751087809868
-2   0.00018822105259383199   0.13728988012508103
-2   0.00042470987526910476   1.0350241534707048
-2   0.010192843734471203   -0.7602880369090057
-2   0.01695611233863154   -0.7602972836898464
-2   0.033058887283425896   0.13728394532713542





0   0.002944654050485286   -2.5554778201993296
0   0.002704517145792159   -2.555410078555677
0   0.002358807521220258   -2.555482973078193
0   0.0023153503657191723   -2.5554762824182755
0   0.0016197053309620591   2.8301396332841744
0   0.00171550785273076   -2.555425737783845
0   0.0017108749104191715   -2.555466685960841
0   0.001442977062734266   2.8301811652121858
0   0.0015677498465789172   -2.5554371399450875
0   0.001494517670892127   -2.5554596765526734
0   0.001120504487655862   2.8301717014430188
0   0.0012663829685114348   -2.555413228603754
0   0.001242404599163592   -2.5553944274234386
0   0.0012034370046422602   -2.5554892871144075
0   0.0010226363709323607   2.8301715418816635
0   0.0008983703289292805   -2.5553864305819496
0   0.008580411746188512   -1.657871165378804
0   0.0007725596634652473   2.830126899540917
0   0.008410995171360729   -1.657906739396789
0   0.0007668125862059929   2.830138311582285
0   0.0007115330701214746   2.8300451501675292
0   0.0006377002456097788   2.83010760328891
0   0.0006345977056773597   2.8300965935151403
0   0.0005334999492050817   2.830090025068629
0   0.005688323030811567   -1.6578671380147518
0   0.0004898649841526765   2.830083735395338
0   0.0052131689329011095   -1.6578868207527804
0   0.00046829044383903573   2.8303810101783586
0   0.00498763878387234   -1.6578778836149743
0   0.00044224267317406296   2.830103953380014
0   0.004768117599077273   -1.6578699266126207
0   0.0010793081314305355   1.9325510817035918
0   0.0003808493920525822   2.8301893755327954
0   0.0003720617764876463   2.8300686117297187
0   0.00034631190837293446   2.8302168606829463
0   0.00036432387266556357   -2.55512259641467
0   0.0031819563178293302   -1.657854109902106
0   0.00028131741309194634   2.8301008296371086
0   0.0002667874673344938   2.8301250102707383
0   0.0006109125284903733   1.9326182381329082
0   0.002351882260485806   -1.6578463685192417
0   0.000482359595148338   1.932591788243139
0   0.00046544486241829923   1.9324160141061064
0   0.00041669705099228396   1.9325353118011395
0   0.00038386440106665204   1.9325861232691062
0   0.0003765358479672057   1.9326044827729472
0   0.00033750473589054547   1.9324215569619365
0   0.00032372250894301813   1.9326733920630996
0   0.00028880059694475483   1.9326389319272796
0   0.00010679148869202873   2.830928670428011
0   0.00023925939164138146   1.9324629143817276
0   0.0002354425362157921   1.9323794873151632
0   0.00022250982348562465   1.9324823451762145
0   9.251932720091893e-05   -2.5552887200050605
0   0.00021707126872688164   1.9324624644746695
0   8.000878954408905e-05   2.830506983926293
0   7.362269364905587e-05   2.830763014690007
0   0.00017595256915392066   1.9324622329407284
0   0.0001751447475304579   1.9325853702165985
0   0.00017002313757288686   1.9328359104887651
0   0.0001348648160963986   1.9323415138258069
0   0.000132880592755836   1.9323369596205744
0   0.00013240097059110694   1.9326101430129903
0   0.00012848230874605793   1.9323624950440699
0   0.0001238020607991743   1.9325223392154474
0   4.557213708470036e-05   2.830469945333592
0   0.0001158502976248285   1.932555352713952
0   0.00011382419451421281   1.9325429754599186
0   3.77220696287236e-05   2.8302387951859536
0   8.400544440623672e-05   1.9322084132193902
0   6.758010531983475e-05   1.9326147882732698
0   5.9210252522526656e-05   1.9329486215056695
0   4.684615444874463e-05   1.9327438950931568
0   3.166853836861339e-05   -1.6587971933170207
0   3.3548249389646505e-05   1.0347815599501424
0   3.645182897715679e-05   1.0344605040980652
0   4.033645794016997e-05   1.0356468905795786
0   3.0186050162847026e-05   -0.7603887775249386
0   3.027531317104034e-05   -0.7604657479503333
0   4.3064829259375225e-05   1.03557987767892
0   3.101375179157383e-05   -0.7606341719927173
0   4.4671711235076876e-05   1.0345188280776831
0   3.279148440216155e-05   -0.7607828700447733
0   4.6673840948201536e-05   1.03526495626885
0   3.526523385384978e-05   -0.7606564688317242
0   5.137086706665139e-05   1.0354591871365237
0   5.249547124492106e-05   1.0354514199531424
0   5.337136460593857e-05   1.034098060712473
0   4.128240998512481e-05   -0.7605590057594698
0   4.157669099458496e-05   -0.7603761430276235
0   5.908101157921187e-05   1.0346457180239037
0   5.9553529231643844e-05   1.0343196446637035
0   3.085410180269019e-05   0.13742923981837424
0   3.1118816053078006e-05   0.13654911793114205
0   6.241043249723054e-05   1.0352665187823382
0   6.265552689099399e-05   1.0348697038123809
0   3.2322110020234974e-05   0.13678260256005403
0   3.245831367188352e-05   0.13744116943590237
0   4.48141882382168e-05   -0.7604941383057856
0   3.3363859821501886e-05   0.13716032431801287
0   3.380208553558195e-05   0.13763346001438342
0   4.639696700904017e-05   -0.7602176078542122
0   6.754656141298674e-05   1.0343938297714586
0   6.868985390426406e-05   1.0349159838373938
0   3.634342027790821e-05   0.13726366767033937
0   3.637468797232856e-05   0.13784831533342087
0   5.3342797457824796e-05   -0.7605275080919862
0   3.9817608907966897e-05   0.13765952083316918
0   4.1415455451223464e-05   0.13713941991411568
0   8.067705665752898e-05   1.034731041017823
0   5.8736966183935214e-05   -0.7604708365609059
0   8.54120713217139e-05   1.0349936205402464
0   6.0206698953748286e-05   -0.7606646011114955
0   4.559175242089907e-05   0.13757426353459848
0   9.059230762707102e-05   1.0347093892733947
0   4.814302763172761e-05   0.1372713933770928
0   0.0001017223335998413   1.034776709304331
0   5.362757963199955e-05   0.13730002742666392
0   0.0001109421701370353   1.0351085761827377
0   6.150613747004936e-05   0.13731452955266552
0   0.00012108625331356309   1.034864781908904
0   6.246251475360576e-05   0.13721841674111135
0   0.00013041182390071356   1.0352492198947096
0   7.091435601424099e-05   0.13764556783907236
0   9.710381510042185e-05   -0.7606200847445411
0   0.00014445505581871175   1.0350550679286417
0   0.00015645053546888563   1.0350083457696204
0   8.335148322740867e-05   0.1372184667537853
0   0.00016654633908431933   1.0350372668338181
0   0.00017236492284155883   1.0347989590939084
0   8.89512605320955e-05   0.13730411178106153
0   9.629101704245453e-05   0.13754949387925547
0   0.00018999073266542544   1.0352589774648542
0   9.930881779294402e-05   0.13723173143187553
0   0.00019917794057941913   1.034937655183119
0   0.00020165592906213868   1.0349760031132824
0   0.00011613038096467891   0.13739085444510904
0   0.00011968767151778765   0.1376736658516484
0   0.00012262590224428014   0.13739156042164002
0   0.0002489495153404648   1.0350944147568977
0   0.00025088594426292985   1.0350862562383145
0   0.00016577101396019544   0.13727555758631996
0   0.00018821442407673233   0.13729050884131383
0   0.00042468881795274953   1.0350242540087202
0   0.010192799521740794   -0.760288031555603
0   0.010268556300441283   -0.7602970831617337
0   0.016956079840522865   -0.7602972405935169
0   0.023439825489321543   -0.7603034655582905
0   0.03305881389377723   0.1372839512320129
0   0.04207561470370626   0.13729289600334937
0   0.14882038172702933   1.034881540339231






2   0.002944632498733876   -2.555477851600857
2   0.00270450221623793   -2.5554100803145845
2   0.0023587882016638086   -2.555483050364863
2   0.002315324451823652   -2.555476371921115
2   0.0016196902418187742   2.8301395955417097
2   0.0017154909490322446   -2.5554258454977616
2   0.0017108667846858225   -2.5554667623287752
2   0.001442952696180219   2.830181029658754
2   0.001567738397305904   -2.5554369956315335
2   0.00149450848450797   -2.5554598135254314
2   0.0011204967507204154   2.830171536418945
2   0.0012663727761228157   -2.5554131037052654
2   0.0012423864813295134   -2.5553946404213366
2   0.0012034288709066151   -2.555489319400075
2   0.0010226276937731129   2.83017167089179
2   0.0008983649572192614   -2.5553864475085146
2   0.008580360076426144   -1.6578711370331536
2   0.000772544577763989   2.830126838046789
2   0.008410931053814946   -1.6579067707576145
2   0.0007668045825769522   2.8301388397244853
2   0.0007115276929493109   2.830044827088018
2   0.0006376952636499626   2.830107641704066
2   0.0006345944225274333   2.830096575557555
2   0.000533493066547795   2.8300899927827197
2   0.0056882977547850115   -1.6578670609122792
2   0.0004898616590602704   2.830083481586531
2   0.005213133070882839   -1.6578868012718773
2   0.00046828386194968275   2.8303808034764297
2   0.004987627178359841   -1.6578779512744937
2   0.00044223788739742063   2.8301039785419597
2   0.00476809311846996   -1.6578698887686305
2   0.0010792964921320248   1.9325511056114346
2   0.0003808470405239041   2.8301893092998474
2   0.0003720570027246951   2.830068528975944
2   0.0003463086275537349   2.8302174514883167
2   0.0003643197496424255   -2.555122255643411
2   0.0031819392080146623   -1.6578541330152672
2   0.00028131430742308814   2.8301006932341153
2   0.0002667848667810288   2.8301247579939557
2   0.0006108999118599703   1.9326179600352462
2   0.0023518713667377163   -1.6578464523385423
2   0.00048235304366137213   1.9325923033807313
2   0.00046544248100740843   1.932415575621971
2   0.0004166895736263439   1.932535412652023
2   0.00038385896622449326   1.9325868066150864
2   0.0003765317140080922   1.9326043290001937
2   0.00033750264474538436   1.932421823167147
2   0.00032371986224898584   1.9326742171649294
2   0.0002887934258392639   1.9326396733533462
2   0.00010679054943660232   2.83092852495419
2   0.00023925670589148266   1.932463211699624
2   0.00023543873086406662   1.9323789562756846
2   0.00022250677427339619   1.9324822545697655
2   9.251885870021813e-05   -2.555286435910904
2   0.00021706788650363912   1.9324627866489545
2   8.000736234705138e-05   2.8305083667090156
2   7.362076414355196e-05   2.8307624196217227
2   0.0001759510747448583   1.9324623413285091
2   0.00017514026111553586   1.9325861908159188
2   0.0001700174613741995   1.9328359363487835
2   0.00013486305233391448   1.932341674929186
2   0.00013287858413511111   1.9323363239058475
2   0.00013239878696035936   1.9326091806708094
2   0.00012847973383858118   1.9323605151990955
2   0.00012380263360500186   1.932522911019658
2   4.557110468917786e-05   2.830471643005684
2   0.00011584859870483264   1.9325553796923587
2   0.00011382024364611152   1.932543169005534
2   3.772245217503559e-05   2.830237475384266
2   8.400423300627231e-05   1.932207212053588
2   6.757772657912413e-05   1.9326148798975258
2   5.9206748533404824e-05   1.9329515760284504
2   4.684419168957662e-05   1.9327396227154523
2   3.1668368203263075e-05   -1.6587910023701224
2   3.354717801632124e-05   1.0347824534457897
2   3.6450331750475315e-05   1.0344634466298366
2   4.033534802992099e-05   1.0356475468623325
2   3.0185187114030504e-05   -0.7603917106495958
2   3.0273399645907875e-05   -0.7604664480493326
2   4.306307864045483e-05   1.0355819930615693
2   3.1013486151673364e-05   -0.7606325545127474
2   4.467174308278641e-05   1.03451900710794
2   3.27910338253376e-05   -0.7607793935270448
2   4.6671825071853166e-05   1.0352657837566361
2   3.526444158474428e-05   -0.7606567231141326
2   5.13688772477312e-05   1.035458122579088
2   5.2493945219348776e-05   1.03545351639755
2   5.337096975931388e-05   1.0340980864602969
2   4.1281096676045695e-05   -0.7605593146941452
2   4.157534879741773e-05   -0.7603739149794791
2   5.907947899900264e-05   1.0346469571015458
2   5.9552424164739575e-05   1.0343187976523343
2   3.085324883510622e-05   0.137430049534635
2   3.111882140455753e-05   0.13655010691890218
2   6.240874713832308e-05   1.0352660100279862
2   6.265446091848475e-05   1.034870618772315
2   3.232200683607828e-05   0.13678135187354754
2   3.2456571594649266e-05   0.13744312303222114
2   4.481324830942993e-05   -0.7604993601718874
2   3.33626619572715e-05   0.1371610156807598
2   3.380094534092731e-05   0.13763375544778902
2   4.639496217000589e-05   -0.7602142973375752
2   6.754558116873348e-05   1.0343922730552169
2   6.868750317241575e-05   1.0349167811391211
2   3.634176479336222e-05   0.13726600033349717
2   3.637332390886252e-05   0.13784549788732586
2   5.3342612577809935e-05   -0.7605317911393057
2   3.981627075965026e-05   0.13766804293133986
2   4.14148208885815e-05   0.13713493258972867
2   8.067638477338393e-05   1.0347296115781415
2   5.87352006768549e-05   -0.7604699081930598
2   8.540960258774788e-05   1.0349949769753466
2   6.0205589710940436e-05   -0.7606627342289011
2   4.559052656010774e-05   0.13757295062860012
2   9.059019288264407e-05   1.0347091992896325
2   4.814234776509636e-05   0.1372737416116594
2   0.00010172150202196359   1.0347772270455444
2   5.362667725346723e-05   0.1373015058778989
2   0.00011093887373346596   1.0351088192149072
2   6.150493466893559e-05   0.13731645719938912
2   0.00012108438464192494   1.0348639229244008
2   6.246114117052634e-05   0.13721915736837637
2   0.00013040740678914696   1.0352489891479222
2   7.09137339812208e-05   0.13764529716835502
2   9.710279396052293e-05   -0.7606191694498048
2   0.00014445166068802304   1.035053894331922
2   0.00015644778324535777   1.0350071029564016
2   8.335058810618362e-05   0.13721904182363853
2   0.00016654266722640267   1.0350382006080525
2   0.0001723628039367463   1.0347984010972993
2   8.895058043193118e-05   0.13730426586584765
2   9.628849196850642e-05   0.1375508859387731
2   0.0001899854700858759   1.0352597014994194
2   9.930711747374947e-05   0.1372307137371047
2   0.00019917456142597913   1.0349370069440669
2   0.00020165413331113002   1.034976772148226
2   0.00011612837974573495   0.13739221617262304
2   0.00011968540545084331   0.13767309925937057
2   0.00012262407994640285   0.13738982355610604
2   0.000248944963997799   1.0350950530082168
2   0.0002508834928882196   1.0350863995588688
2   0.0001657674156280488   0.13727583284954534
2   0.00018821268620198306   0.13729071887426675
2   0.000424681124727266   1.0350244421238877
2   0.010192752578336356   -0.7602880424173131
2   0.010268507724399203   -0.7602970874435598
2   0.01695599904300836   -0.7602972598530787
2   0.02343962982516398   -0.7603034679249459
2   0.03305867120142699   0.13728396447889477
2   0.04207550421266058   0.13729286716957265
2   0.14882010180254115   1.0348815481546212






4   0.002944638839406243   -2.5554778852018134
4   0.0023587808407239223   -2.555483098977573
4   0.001619695216105603   2.830139648661278
4   0.0017108617130540845   -2.5554667808716505
4   0.001494512190491388   -2.5554598009682894
4   0.0012663697942474502   -2.555413185587885
4   0.001203421522034143   -2.55548946183333
4   0.0010226308572333874   2.83017154360126
4   0.0008983636807637568   -2.5553864190243205
4   0.008410874502140026   -1.6579067979052293
4   0.0007668048612915748   2.830138590475611
4   0.0007115279879334298   2.83004488750097
4   0.000637695085298463   2.830107544059451
4   0.0005334900295489504   2.830089997414273
4   0.0004898607332416372   2.8300833579376543
4   0.0052130943405223635   -1.6578868212521303
4   0.00044223688249165146   2.830103958938492
4   0.004768064730810747   -1.657869948178257
4   0.0010793071630347427   1.9325509218655492
4   0.0003808483548999135   2.8301890825482574
4   0.0003720525756902474   2.8300684135157304
4   0.00036431863130372325   -2.555122354258492
4   0.0002667826655702588   2.830125079626996
4   0.0023518612196205173   -1.6578464904844714
4   0.00048235555460009145   1.9325922347011903
4   0.0004654492538683719   1.9324159008893715
4   0.00038385752508782   1.932586431607322
4   0.00033750792631843555   1.9324221001135593
4   0.000323721401322646   1.9326740932950408
4   0.00023925819768055235   1.9324636326486013
4   0.0002354370664607992   1.9323788880455575
4   0.00021706766011874302   1.9324621488302136
4   7.362046895213406e-05   2.8307613659564694
4   0.00017595094149110857   1.9324625673302651
4   0.0001348624645694041   1.932341525065246
4   0.00013287753777608006   1.932336843191283
4   0.00012848174186303588   1.93236046878302
4   0.00012380666669585126   1.9325235246502734
4   4.557280075488158e-05   2.830469343003008
4   0.00011584710762510539   1.9325541914958904
4   3.772305288917482e-05   2.8302390577397003
4   8.400495674228764e-05   1.932208021980096
4   3.166942505180123e-05   -1.6587914557476873
4   3.3547356605396385e-05   1.0347839245384594
4   4.033521646262328e-05   1.0356483102554577
4   3.0184600029730422e-05   -0.7603914560073667
4   3.1015162615474865e-05   -0.7606333993721364
4   4.467317119604755e-05   1.0345185652471696
4   3.279188121871833e-05   -0.7607828570622336
4   3.5265159656012554e-05   -0.7606564149828946
4   5.136880295407556e-05   1.0354549839529275
4   5.337162090998958e-05   1.0340968391425907
4   4.1281582185541116e-05   -0.7605560602801356
4   5.908017693151956e-05   1.034646200316925
4   5.9553573508281213e-05   1.034318838617995
4   3.112088098489078e-05   0.13655304457055498
4   3.232336993745835e-05   0.1367814593344188
4   4.4815371684868366e-05   -0.7604961473841327
4   3.336341477567796e-05   0.13716090110807125
4   3.3801110438029446e-05   0.1376318346108327
4   6.754700187902484e-05   1.0343917065696229
4   6.868690947975415e-05   1.0349169252405583
4   3.6373769053713045e-05   0.13784739098591717
4   5.334434076630282e-05   -0.7605299292039304
4   4.141771225923681e-05   0.13713702419679266
4   8.540959537353688e-05   1.034994072972285
4   6.020766743475434e-05   -0.760664815842565
4   4.559121569495608e-05   0.1375717519892815
4   9.059051508035559e-05   1.0347092323040632
4   0.00010172330623505011   1.0347752293636903
4   5.3627500781667944e-05   0.137300994811985
4   0.0001210853706653132   1.0348651770618802
4   6.246211134622465e-05   0.13721818474769565
4   0.00013041033291822033   1.035248452789252
4   9.710636070690155e-05   -0.7606183626673424
4   0.00015645061538210623   1.035007264186616
4   8.335162586682043e-05   0.13722237584932842
4   0.00017236324675003677   1.0347981437073581
4   9.62887287151869e-05   0.1375508865402133
4   9.930735616664445e-05   0.13723143038573193
4   0.0002016570213083852   1.0349775011823343
4   0.00011612927592913421   0.13739144444831566
4   0.00012262518468182963   0.137390813816799
4   0.00024894609860770463   1.0350944470680528
4   0.00025088528843631927   1.03508571175576
4   0.00016577237068499866   0.13727587145322184
4   0.00018821588180053053   0.13729024858265504
4   0.00042468965731259087   1.0350245153655586
4   0.010192709936526882   -0.7602880691527928
4   0.016955895289148364   -0.7602972572418792
4   0.03305845802848598   0.13728397191363784















# Square S=1 j2=0.45 jx=0.3 Ny=8 bond=6000 Fermion state
-4   0.11243846040153536   2.1465021505046327
-4   0.00148993524006346   -2.5658094235190543
-4   0.0010148014266671012   -2.565665794201814
-4   0.0006109537645144758   2.9323253636599786
-4   0.0006555610762302981   -2.5658764334794384
-4   0.0005568878179279466   2.9325678710536502
-4   0.0005853445908450319   -2.565912407864354
-4   0.0005577094126382283   -2.5658910000428836
-4   0.002166366461269427   -1.7804027190963916
-4   0.0004923088667337305   -2.566031831869954
-4   0.0003865785830910297   2.932140014318886
-4   0.00042311835050878313   -2.565835755277785
-4   0.00040477920132755713   -2.565700729705138
-4   0.00034524049442569935   2.9320522779936344
-4   0.0015332661998295623   -1.780193436157558
-4   0.00037726533514375156   -2.5660624059044936
-4   0.0003745524625523869   -2.5659292736451893
-4   0.00035840073416686054   -2.5655363968707627
-4   0.0013160810827995955   -1.7803838359009252
-4   0.00030512565464673266   -2.5658647041082787
-4   0.0002579817201944965   2.9320397326297796
-4   0.00025011687217385293   2.932159766738654
-4   0.0010697883516566635   -1.7802293780990297
-4   0.0010599229964176073   -1.780379111942696
-4   0.000212411329282544   2.932110927870058
-4   0.00024723578366564795   -2.565870103173286
-4   0.0001978916623529243   2.932109237847054
-4   0.0002132262105386547   -2.56589177375483
-4   0.00017686443576862902   2.931797413206451
-4   0.00017655124134142067   2.93182311902275
-4   0.000818177072956046   -1.7806403407671378
-4   0.00020159454812714877   -2.565922356575852
-4   0.00016704127305104484   2.931430935484773
-4   0.000779702389443814   -1.780508923415818
-4   0.00029404285236425557   2.1470069554111357
-4   0.0002818225212293448   2.1471564730177826
-4   0.0007310676093490506   -1.7807310178751312
-4   0.00015369635743593088   2.9318613529592312
-4   0.0006981494362400831   -1.7805566795512218
-4   0.00017201894399093348   -2.5658370918565687
-4   0.0006803108696857076   -1.7804401150357487
-4   0.00016064908574597893   -2.5657548685923164
-4   0.00013149372516154994   2.9321762055152116
-4   0.00014247729906585738   -2.5665619382239675
-4   0.00011953089020578486   2.931317452783225
-4   0.00021093507816412   2.1466060413501995
-4   0.00011726147622728719   2.931165246699059
-4   0.00013301640260314474   -2.5668408152759157
-4   0.0005138984643982881   -1.7801752773987414
-4   0.00012598532396605912   -2.565827562477317
-4   0.00012574353869360892   -2.5670284659722213
-4   0.00010752176183997785   2.9322679684460664
-4   0.00010310130192508534   2.9301739437479375
-4   0.0001804504848733947   2.1462622024967084
-4   0.00011607842678568947   -2.5651403051943644
-4   9.82439045802458e-05   2.9314189636720243
-4   0.00046102973872438945   -1.7801772786461605
-4   8.94190982194762e-05   2.9322020489261504
-4   7.95330564356799e-05   2.931713004484587
-4   0.0001407203718925284   2.146348840088788
-4   7.716407754444701e-05   2.9310761907002854
-4   0.00034951876957614554   -1.7804672527592758
-4   0.00012215530577537958   2.1472408057932717
-4   6.704337235442537e-05   2.9316337612570678
-4   0.00031001971234452937   -1.779874866806086
-4   7.517089946064687e-05   -2.5653521544767957
-4   0.00011564070159803391   2.146762766308673
-4   6.350787354746445e-05   2.9334390141876754
-4   0.00010837749624741093   2.1466594726458372
-4   0.00010626215662236707   2.1465448567575303
-4   5.703967683037069e-05   2.931297115432751
-4   5.258438651611247e-05   2.9322474838950385
-4   8.997204108833326e-05   2.147133279758236
-4   8.184403779595412e-05   2.14704610815636
-4   7.921398793916878e-05   2.1462690558815756
-4   4.259495725205634e-05   2.9290251769382194
-4   4.204225079292801e-05   2.9298383679993774
-4   7.300826667427738e-05   2.1470185902837247
-4   7.304082699150871e-05   2.1460522877737556
-4   7.047649484991963e-05   2.146735645100082
-4   3.824067572456401e-05   2.929428156721225
-4   6.186909635512157e-05   2.1455653233894565
-4   3.4006066764494445e-05   2.9308104082217943
-4   6.0231436935072636e-05   2.1462599333007137
-4   3.264297798596572e-05   2.93248061025715
-4   3.1109468666628784e-05   2.931353939654287
-4   0.00014497362625772695   -1.7804961869057394
-4   5.24095457897908e-05   2.1455654860421114
-4   5.080275090278488e-05   2.1468979710435834
-4   4.9770580565894634e-05   2.145962688848347
-4   3.087720163369118e-05   -2.566904081881795
-4   4.6692539328369094e-05   2.1457786995467747
-4   3.954370452215518e-05   2.145083976931303
-4   3.5997209751091734e-05   2.1460258802306624
-4   3.5383636805007275e-05   2.14453428478309
-4   3.45423372433802e-05   2.1447811258859932
-4   3.2354743173907866e-05   2.1447136352952465
-4   3.020956364121839e-05   2.145690768967962
-4   4.2620256633385436e-05   -1.7803366831814247
-4   3.0308531946346562e-05   1.3601003729448538
-4   3.1410350328415406e-05   1.3611669211344282
-4   3.166965682755292e-05   1.3610316608587223
-4   3.588541718070855e-05   1.3608032912327193
-4   3.6552378140189935e-05   1.361511097547153
-4   3.9993719511134986e-05   1.3596336806726315
-4   4.663298221466195e-05   1.3618049000824686
-4   4.9785766604224855e-05   1.359997134546504
-4   5.2041176379755255e-05   1.3611049107314592
-4   5.3563171513137055e-05   1.3615900990889411
-4   6.732956006080252e-05   1.360907735438933
-4   7.957320026242596e-05   1.3617995374935818
-4   8.698488101873788e-05   1.3616837966623219
-4   8.931489532657039e-05   1.361482380945975
-4   9.380316002001615e-05   1.360822383814144
-4   0.00011923261933406808   1.3616594281605778
-4   3.130531420496051e-05   0.5750344600643001
-4   0.00012682960552444476   1.3605546558027535
-4   3.3872726317575694e-05   0.575962087640732
-4   3.46187246937974e-05   0.5759143696652498
-4   3.499889436596948e-05   0.5760033185299933
-4   3.789916167227677e-05   0.5731169361526377
-4   3.8134226301064914e-05   0.5756727864137344
-4   0.00016057476467954752   1.3607957968974285
-4   4.883112084788875e-05   0.5731935061738845
-4   4.924966474950684e-05   0.5752344162330308
-4   5.098162076685652e-05   0.5748642734951535
-4   6.681515059446304e-05   0.575030977065805
-4   0.0005199595254490096   -0.9945188065311192
-4   0.000832727535575368   -0.9945725887240869
-4   0.001207683651747427   -0.9947026054475394
-4   0.0016153146798738825   -0.9950251264085842
-4   0.0019328221900578597   -0.9948612465028387
-4   0.0024028900171689763   -0.9950205915224443
-4   0.0025293694523734894   -0.9949734016628554
-4   0.0027593225185956922   -0.9952716384914495
-4   0.0033585442763067338   -0.9949498406021704
-4   0.0035458865682984056   -0.9950723109615982
-4   0.0029933906899742677   -0.20940216476436088
-4   0.003916184049903806   -0.20944941072564097
-4   0.005777316691951383   -0.20955769782555309
-4   0.0072153017259793265   -0.20961760947705665
-4   0.0354660192530377   1.3611462200885325
-4   0.010352467842790118   0.575846768204453
-4   0.010811404225212892   0.5758322520473346
-4   0.011268343095634393   -0.20971521973025312
-4   0.020069078327115807   0.575777094541064







-2   0.11243739383933224   2.9319002717061093
-2   0.03546621467259591   2.1465443443490626
-2   0.03407282558676824   2.146562265548364
-2   0.0006109986393317306   -2.56546179917043
-2   0.0005569891034519877   -2.565219548119967
-2   0.0003866210889952042   -2.565646307485664
-2   0.00149013201806649   -1.7804113000557784
-2   0.0003452720814860399   -2.5657349540691934
-2   0.00029407013490812266   2.9324049020165535
-2   0.00028187916909998766   2.9325544234678613
-2   0.0002895663287891442   -2.5654444561866057
-2   0.0002599960572520389   -2.56587234884732
-2   0.00025800833747580186   -2.565744681087982
-2   0.001014864611436299   -1.7802673996842933
-2   0.00025013971723474276   -2.5656266065616458
-2   0.00021095881624182505   2.9320030057252424
-2   0.00021243136884341454   -2.56567640708781
-2   0.00018047557639413607   2.9316620584581004
-2   0.00019791404844738897   -2.565673657822799
-2   0.00016072170641904016   2.932447476034358
-2   0.00017688518518458958   -2.5659881228122647
-2   0.0001765625553920813   -2.565964629993847
-2   0.00016705090973717754   -2.566355088476671
-2   0.00014074206874519502   2.9317480069792574
-2   0.000655636719633475   -1.7804786014474596
-2   0.0006253357538720134   -1.7799213963635565
-2   0.00015371174821188826   -2.5659257459988556
-2   0.0005853804883590057   -1.7805141464007195
-2   0.00012216517140895312   2.932638755509359
-2   0.0005577366967814642   -1.7804922524271907
-2   0.00011565662218740638   2.932162020825547
-2   0.00013281009221691886   -2.565275892408324
-2   0.000131505077896042   -2.565611385476888
-2   0.0001264512867939785   -2.566872890874581
-2   0.00010839110644705066   2.9320582119291863
-2   0.00010627312966568676   2.931944851824897
-2   0.0004923450509699755   -1.780632819285184
-2   0.00011954389041796781   -2.566468167910322
-2   0.00011727084556580869   -2.5666231018907824
-2   0.00010753080049911637   -2.5655206267135706
-2   0.00042582423969206247   -1.780477190481234
-2   0.0004231503428922485   -1.7804377522603039
-2   8.998982847272969e-05   2.9325289876533476
-2   0.00016059680678470517   2.1461953732720818
-2   0.0001031102715875942   -2.5676118379676933
-2   0.0004048042087725383   -1.7803028828556016
-2   9.825321325503965e-05   -2.5663669772857585
-2   8.414495380252348e-05   2.931108356895266
-2   8.185625422518548e-05   2.9324451138002163
-2   0.0003772808625969916   -1.7806647013722432
-2   0.00037457338893516116   -1.7805314459089758
-2   7.922090798294183e-05   2.931668014422642
-2   7.832488347058439e-05   2.930988741811938
-2   8.943058875388128e-05   -2.565585540699965
-2   0.00035842102224695795   -1.780138276855694
-2   7.304573414278915e-05   2.9314511085897648
-2   7.301934645502485e-05   2.9324163865372426
-2   0.0001268475851541273   2.145955563548083
-2   7.048487280938841e-05   2.9321340602663746
-2   0.000328952816231489   -1.7804188608716298
-2   7.954227051427331e-05   -2.566074761409173
-2   7.81754144373125e-05   -2.5670543588339405
-2   0.00011925934858046638   2.14705881308134
-2   7.71675397100117e-05   -2.566711848311206
-2   0.00030515901240668093   -1.7804668807571122
-2   6.414683915604201e-05   2.932518695572582
-2   0.00029583618901773983   -1.7799565820605792
-2   6.1873793642656e-05   2.930963147427392
-2   7.15488348386256e-05   -2.566561525817586
-2   6.024008158765285e-05   2.9316674343913824
-2   6.70492113276524e-05   -2.5661509450503663
-2   6.351246633514942e-05   -2.564347421450354
-2   0.00024725089352345284   -1.780471984991996
-2   5.241351981976686e-05   2.930962920946374
-2   9.381645626728356e-05   2.1462166531462796
-2   5.080894568284693e-05   2.932297184077036
-2   4.977711244673442e-05   2.9313724333978564
-2   8.932764457387788e-05   2.1468821551965442
-2   5.7044202322662114e-05   -2.5664912308498757
-2   8.699233087740364e-05   2.1470808655608575
-2   5.507442108770951e-05   -2.5669168189500127
-2   4.669567593815875e-05   2.9311829715003688
-2   0.00021323881168860956   -1.78049364326137
-2   5.2587643705871554e-05   -2.5655377636895396
-2   7.958617779013623e-05   2.1471973496080263
-2   4.3868086753122814e-05   2.9321215792528363
-2   0.0002016064255048237   -1.7805236564100453
-2   0.00019692654489956508   -1.7816452282804989
-2   3.954699076467905e-05   2.930484943334504
-2   6.733649049703399e-05   2.146307443512955
-2   0.00017203828332825946   -1.780439932326438
-2   4.2598631936424556e-05   -2.5687584559292387
-2   4.2046383576166506e-05   -2.567945957173471
-2   4.1997419762199214e-05   -2.565696508619337
-2   3.6001338168255635e-05   2.9314289417951347
-2   6.392027256955483e-05   2.14517876665111
-2   3.541459769294884e-05   2.9309830304131603
-2   3.538667945357142e-05   2.9299332008913432
-2   3.455037152214475e-05   2.93018264781184
-2   0.00016065798995775027   -1.7803559067053354
-2   3.824400707857626e-05   -2.5683474025869693
-2   3.23584472645341e-05   2.930121827228101
-2   0.0001424869512713616   -1.7811645022978018
-2   3.0212569971930552e-05   2.9310910081052444
-2   5.35681044036358e-05   2.146989316586785
-2   3.4012336422011586e-05   -2.5669720456883605
-2   5.204952758848061e-05   2.146502201162381
-2   0.0001330251654566615   -1.7814425456976262
-2   3.264863876193706e-05   -2.565309000667931
-2   5.00822848044049e-05   2.145843184010192
-2   4.979312130455952e-05   2.1453967816137833
-2   0.00012574934219178414   -1.7816305017412701
-2   0.00012599663971748072   -1.7804283027431338
-2   3.111240230192207e-05   -2.5664252780598624
-2   4.6639166458322175e-05   2.1472142656580253
-2   0.0001160831223339588   -1.7797442782518977
-2   4.00015347565598e-05   2.1450331775882963
-2   3.655676388777627e-05   2.1469111046946736
-2   3.5894577157291115e-05   2.14619280633525
-2   3.2296204652303497e-05   2.145865037125639
-2   3.167284312539956e-05   2.146426460236884
-2   3.141477352647424e-05   2.146565796060913
-2   3.0312613179394003e-05   2.1455029567694983
-2   7.51828809731725e-05   -1.7799530260340821
-2   3.0885926055494474e-05   -1.7815020482190649
-2   3.131052281945931e-05   1.3604379393073929
-2   3.387723614752441e-05   1.3613689966240885
-2   3.462261183043816e-05   1.3613110074724122
-2   3.500445603648423e-05   1.361403471622563
-2   3.814442811302674e-05   1.3610701037967503
-2   3.7904526410404804e-05   1.3585143546108396
-2   3.9496093747838515e-05   1.358950518107733
-2   4.926319507167551e-05   1.360637105853761
-2   4.8839565827510766e-05   1.3585952584905359
-2   5.098679254400046e-05   1.360261068974013
-2   6.682753448625624e-05   1.3604309037750513
-2   4.2633877514559656e-05   -0.994934221291831
-2   5.107428357567316e-05   -0.9949837305236654
-2   0.00014498862567289376   -0.9950988399578979
-2   0.00031003065442497654   -0.9944763683636175
-2   0.0003495437928884253   -0.9950689530130795
-2   0.00046105222459362147   -0.9947794216652256
-2   0.0005139185124687305   -0.9947769864444532
-2   0.0005815680384215142   -0.9947648952886738
-2   0.0006589636661297823   -0.9948641543225076
-2   0.0006803336388215669   -0.9950413460676707
-2   0.0006981896700836267   -0.9951584412812005
-2   0.0007310967912512766   -0.9953324109693524
-2   0.0007797556778461842   -0.995111264991128
-2   0.0008182128538576997   -0.9952422843051874
-2   0.0005200228524734438   -0.20911992299288792
-2   0.0010303063644307826   -0.9943730682632087
-2   0.0010599768625569087   -0.994980979949707
-2   0.0010698534362739804   -0.9948314705246325
-2   0.0013161101638269465   -0.9949858136945641
-2   0.0008327471905247871   -0.20917456742462204
-2   0.0015333308481411958   -0.9947951495775321
-2   0.001799840313669283   -0.9951714573584408
-2   0.0011022092471081899   -0.20899727130547058
-2   0.002166587868626421   -0.9950042155823888
-2   0.0012077160604837668   -0.2093042553671316
-2   0.001407142508072582   -0.20936270263878576
-2   0.001615379065899926   -0.2096269664855704
-2   0.0019328258813032957   -0.20946304425001527
-2   0.010352765455582766   1.3612448802551917
-2   0.010811485758731941   1.3612303857950496
-2   0.002402935293778574   -0.20962236700528875
-2   0.002529456651444003   -0.20957523907842393
-2   0.002993454058443332   0.5759957995711132
-2   0.0027594422137668566   -0.2098734706077723
-2   0.0030967161774200945   -0.20979369705261866
-2   0.003916194164431512   0.5759486484628172
-2   0.0033588012020490093   -0.2095518655815048
-2   0.0035461341139187753   -0.20967406934572422
-2   0.019448029246819126   1.3612020807235936
-2   0.020069562467412212   1.3611752397548216
-2   0.005584285489843878   0.5758768490499142
-2   0.0057776194642670765   0.5758407097161726
-2   0.0072154295371290355   0.5757804892924944
-2   0.011255108424484421   0.5756523642301934
-2   0.01126887940897189   0.5756829226763355







0   0.11243646520998904   -2.565886897418631
0   0.035466519671022184   2.931942458377853
0   0.020070012369663187   2.146573440128779
0   0.01081158516702286   2.1466285493862585
0   0.010353012999664676   2.1466429948141608
0   0.00029409841130952313   -2.565383867586668
0   0.0002819307430062346   -2.5652335206896897
0   0.00021098084667473785   -2.5657827587452218
0   0.0001606166134925296   2.9315935443298424
0   0.00018049606857979548   -2.566124013039449
0   0.000611040392912077   -1.7800639346446863
0   0.00012686338316743935   2.931353593747752
0   0.00014075563370224249   -2.5660410141762777
0   0.00011928675846533467   2.9324577495129724
0   0.0005570750998758445   -1.7798228444875415
0   0.0001221746374551368   -2.5651479806644626
0   0.00011566803111950232   -2.565625010060223
0   9.382308295976906e-05   2.931614859071302
0   0.0001084023431746951   -2.565728430331347
0   0.00010628196425887435   -2.5658428470258756
0   8.933917364968534e-05   2.9322802009092013
0   8.700065404733864e-05   2.932478325231112
0   0.0003866625786638803   -1.780249129469947
0   7.959716505823374e-05   2.932594950896936
0   9.00050041304615e-05   -2.5652578317524783
0   0.00034530373192702955   -1.7803354892488734
0   8.186645311432989e-05   -2.565342587305341
0   7.922785309385965e-05   -2.5661201263985767
0   6.734176760084078e-05   2.931709655927165
0   7.305182314619802e-05   -2.5663364054013016
0   7.302660981849429e-05   -2.565366910306629
0   7.049184573660332e-05   -2.5656539463244634
0   0.00025803082030645104   -1.7803464753661302
0   5.357299027653781e-05   2.9323895611618016
0   0.0002501589552156741   -1.78022807776816
0   6.18785200396081e-05   -2.5668222165405976
0   5.205799809094836e-05   2.9319010895605295
0   6.0244915453307175e-05   -2.5661204071562875
0   4.97986742032285e-05   2.9307977186210947
0   4.664382616964295e-05   2.9326119092506655
0   0.00021244734319943688   -1.780278386329781
0   5.241839705470069e-05   -2.566822783173061
0   5.081216617965283e-05   -2.565494280975924
0   4.978426615267822e-05   -2.5664170438242815
0   0.00019792833964892443   -1.780272069667504
0   4.66976091213619e-05   -2.566605979478798
0   4.000457461554804e-05   2.9304374510944102
0   0.00017689904106037263   -1.780590556098043
0   0.0001765729077087991   -1.7805651896154355
0   6.683850422346359e-05   2.1458304198419973
0   3.6561458247769596e-05   2.9323090773755056
0   3.589865348076916e-05   2.931595368212056
0   0.00016706182763952116   -1.7809562251393436
0   3.9549643198838215e-05   -2.5673028538905562
0   0.00015372377625691119   -1.7805283346201808
0   3.167637728707879e-05   2.9318254727531623
0   3.141750919156762e-05   2.9319675825621285
0   3.600540958112626e-05   -2.5663601420627256
0   3.5389895369005354e-05   -2.567854188312572
0   3.031672933698646e-05   2.9309031684014846
0   3.455549013839149e-05   -2.5676069799045678
0   5.0992008770849236e-05   2.1456588310628426
0   0.00013151630384291717   -1.7802123605664781
0   3.236129765283822e-05   -2.5676635703101978
0   4.927273274884684e-05   2.14602378186229
0   4.884676485204215e-05   2.144002062803393
0   3.0214825987069956e-05   -2.566700815060162
0   0.00011955644535955297   -1.7810690026844065
0   0.00011727938539140843   -1.7812241827355575
0   0.00010753618822639197   -1.7801209427212514
0   0.00010311925680616675   -1.782212626818969
0   3.8153246246645855e-05   2.1464724492673017
0   3.7908566894546764e-05   2.1439129133054213
0   9.826135089471967e-05   -1.7809690788570762
0   3.5009638150427246e-05   2.146808012947165
0   3.4626134874365105e-05   2.146712748299502
0   8.943713504022463e-05   -1.780188121915252
0   3.3881013240249944e-05   2.1467702791459886
0   3.131487265311507e-05   2.14583613181014
0   7.954914881217903e-05   -1.7806739249658214
0   7.717013118857347e-05   -1.7813117371914837
0   6.70561164195493e-05   -1.7807514414951882
0   6.351388316806333e-05   -1.7789481110672916
0   5.70485305112659e-05   -1.7810932327164068
0   5.259331982608436e-05   -1.780134012057096
0   4.260214428353453e-05   -1.7833593625204314
0   4.205049002820869e-05   -1.7825433843042484
0   3.824679789074894e-05   -1.7829536107747235
0   3.4018418451629696e-05   -1.7815664555895971
0   3.265259594271076e-05   -1.7799091175808013
0   3.11144700730819e-05   -1.781027927845403
0   3.0892407518259245e-05   -0.9960958525310245
0   7.519293683324971e-05   -0.9945482165285778
0   4.264353996399742e-05   -0.2095354647052578
0   0.00011608567720933964   -0.9943428785499776
0   0.00012575489470571   -0.996231557837642
0   0.00012600508628068656   -0.9950287976498629
0   0.00013303272211014156   -0.9960443557045965
0   0.0001424974851030172   -0.9957658719973304
0   0.00016066763528198956   -0.9949596104995153
0   0.00017205367905604824   -0.9950431728463881
0   0.00020161739001345907   -0.9951263145492322
0   0.00021325359592245605   -0.99509497658898
0   0.00024726545856358525   -0.9950735229274348
0   0.00014500131987468492   -0.20969870596017778
0   0.00030518595089265425   -0.9950701325857166
0   0.00035844007855663604   -0.9947394508284708
0   0.0003745943389210778   -0.9951327863657956
0   0.00037729889662536345   -0.99526640451271
0   0.00040482666605046527   -0.9949043373239719
0   0.00042318428798944756   -0.9950395702153851
0   0.0004923720440539823   -0.9952342502627485
0   0.000310041585093592   -0.20907875955037314
0   0.0005577634766793746   -0.9950942767077515
0   0.0005854189297657309   -0.9951155431041458
0   0.00034956739686354643   -0.20967076739698304
0   0.0006556874815329748   -0.9950793277192531
0   0.000520084731027728   0.5762775551546153
0   0.0004610715365675382   -0.20938076386493748
0   0.0005139413988450086   -0.20937895410650484
0   0.0010149289285273553   -0.9948694587462399
0   0.0029935218431291185   1.3613938581378433
0   0.0006803517769395115   -0.20964384268102218
0   0.0006982316418398355   -0.2097599386291308
0   0.0008327709114707354   0.5762234092499303
0   0.000731120829860554   -0.20993495306335141
0   0.0007798009922592592   -0.2097120852621484
0   0.0008182479517239233   -0.20984434409595812
0   0.0014902953937806654   -0.9950130915939095
0   0.0039162211607155235   1.3613468717476975
0   0.0012077466100963465   0.5760937636898553
0   0.0010600313295896435   -0.20958259668668835
0   0.001069902996094358   -0.2094333632733568
0   0.005777925118197758   1.3612389946467778
0   0.0013161360260809394   -0.20958735614718987
0   0.0016154445842450655   0.5757710843912606
0   0.0015333967850949533   -0.20939720112666851
0   0.007215573942855106   1.3611786012486
0   0.0019328377269417244   0.5759352034376412
0   0.002402989200130785   0.5757761151061008
0   0.0021667913213907646   -0.20960565083690222
0   0.0025295485543983857   0.5758230297409096
0   0.0027595569717612377   0.5755246448042144
0   0.011269357596904525   1.3610811882943328
0   0.003359060041502777   0.5758464157589174
0   0.003546384686890159   0.5757242895505257
