#0th eigenvalue Sz = -1
0 0.0330589
0.1 0.0385524
0.2 0.0429961
0.3 0.0468914
0.4 0.0514741
0.5 0.0584565
0.6 0.0695145
0.7 0.0851818
0.8 0.104231
0.9 0.1252
1 0.148815




#0th eigenvalue Sz = 0
0 0.14882
0.1 0.178031
0.2 0.215208
0.3 0.256936
0.4 0.291269
0.5 0.304592
0.6 0.291277
0.7 0.256933
0.8 0.215205
0.9 0.178057
1 0.148813




#0th eigenvalue Sz = 1
0 0.14882
0.1 0.125195
0.2 0.104229
0.3 0.085181
0.4 0.0695142
0.5 0.0584566
0.6 0.051474
0.7 0.0468922
0.8 0.042997
0.9 0.0385486
1 0.0330592




#1th eigenvalue Sz = -1
0 0.0169561
0.1 0.02043
0.2 0.0243548
0.3 0.0288643
0.4 0.0336224
0.5 0.0379586
0.6 0.04119
0.7 0.0427984
0.8 0.0428478
0.9 0.0421733
1 0.0420747




#1th eigenvalue Sz = 0
0 0.0420756
0.1 0.0440371
0.2 0.0476608
0.3 0.0514229
0.4 0.0541261
0.5 0.0550841
0.6 0.0541266
0.7 0.0514231
0.8 0.0476611
0.9 0.0440393
1 0.0420753




#1th eigenvalue Sz = 1
0 0.0420755
0.1 0.0421723
0.2 0.042848
0.3 0.0427998
0.4 0.0411898
0.5 0.0379591
0.6 0.0336231
0.7 0.0288657
0.8 0.0243549
0.9 0.0204302
1 0.0169567




#2th eigenvalue Sz = -1
0 0.0101928
0.1 0.0111969
0.2 0.0129979
0.3 0.0157852
0.4 0.0189317
0.5 0.0220404
0.6 0.0244212
0.7 0.0253982
0.8 0.0253312
0.9 0.0298692
1 0.0330589




#2th eigenvalue Sz = 0
0 0.0330588
0.1 0.0335119
0.2 0.0315459
0.3 0.0310459
0.4 0.0340371
0.5 0.0351953
0.6 0.0340376
0.7 0.031046
0.8 0.0315469
0.9 0.033508
1 0.0330591




#2th eigenvalue Sz = 1
0 0.0330587
0.1 0.0298733
0.2 0.0253303
0.3 0.0254002
0.4 0.0244214
0.5 0.022041
0.6 0.0189322
0.7 0.0157867
0.8 0.012998
0.9 0.0111963
1 0.0101933




#3th eigenvalue Sz = -1
0 0.00841107
0.1 0.0106016
0.2 0.0118725
0.3 0.0122561
0.4 0.0127725
0.5 0.0140587
0.6 0.0166366
0.7 0.0205847
0.8 0.0249611
0.9 0.0239354
1 0.0234387




#3th eigenvalue Sz = 0
0 0.0234398
0.1 0.0245842
0.2 0.0274503
0.3 0.0286082
0.4 0.0260927
0.5 0.0251135
0.6 0.0260923
0.7 0.0286089
0.8 0.0274501
0.9 0.0245873
1 0.0234397




#3th eigenvalue Sz = 1
0 0.0234396
0.1 0.0239345
0.2 0.0249617
0.3 0.0205847
0.4 0.016637
0.5 0.0140589
0.6 0.0127723
0.7 0.0122568
0.8 0.0118729
0.9 0.0106036
1 0.00841113




#4th eigenvalue Sz = -1
0 0.00521321
0.1 0.00577978
0.2 0.00621947
0.3 0.00652398
0.4 0.00690923
0.5 0.00765229
0.6 0.00898251
0.7 0.0109271
0.8 0.0131964
0.9 0.0153525
1 0.0169564




#4th eigenvalue Sz = 0
0 0.0169561
0.1 0.0174113
0.2 0.016906
0.3 0.0162407
0.4 0.0157876
0.5 0.0156269
0.6 0.0157874
0.7 0.0162412
0.8 0.0169064
0.9 0.0174103
1 0.0169566




#4th eigenvalue Sz = 1
0 0.016956
0.1 0.0153547
0.2 0.0131962
0.3 0.0109275
0.4 0.0089828
0.5 0.00765245
0.6 0.00690915
0.7 0.00652459
0.8 0.00621968
0.9 0.00577985
1 0.00521353




#5th eigenvalue Sz = -1
0 0.00476813
0.1 0.00524356
0.2 0.00549258
0.3 0.00567526
0.4 0.00595078
0.5 0.00645948
0.6 0.00724281
0.7 0.00818349
0.8 0.00907261
0.9 0.00975556
1 0.010269




#5th eigenvalue Sz = 0
0 0.0102686
0.1 0.0111039
0.2 0.0118173
0.3 0.0134659
0.4 0.0146233
0.5 0.0150252
0.6 0.0146235
0.7 0.0134657
0.8 0.011817
0.9 0.0111022
1 0.010269




#5th eigenvalue Sz = 1
0 0.0102685
0.1 0.00975646
0.2 0.00907243
0.3 0.00818366
0.4 0.00724303
0.5 0.00645963
0.6 0.00595076
0.7 0.00567581
0.8 0.00549273
0.9 0.00524308
1 0.00476858




