#0th eigenvalue Sz = -2
0 0.00660031
0.1 0.00903637
0.2 0.0128989
0.3 0.0188675
0.4 0.0276047
0.5 0.0393059
0.6 0.0533701
0.7 0.0687672
0.8 0.0848578
0.9 0.101422
1 0.12036
1.1 0.141107
1.2 0.164679
1.3 0.191752
1.4 0.223182
1.5 0.258779
1.6 0.296342
1.7 0.331519
1.8 0.359884
1.9 0.37812
2 0.384323




#0th eigenvalue Sz = -1
0 0.0545826
0.1 0.0617297
0.2 0.0700047
0.3 0.079268
0.4 0.0889941
0.5 0.0982721
0.6 0.10622
0.7 0.112399
0.8 0.116821
0.9 0.120114
1 0.120363
1.1 0.119517
1.2 0.116871
1.3 0.112449
1.4 0.106234
1.5 0.0982569
1.6 0.0889633
1.7 0.0792443
1.8 0.0699896
1.9 0.0617189
2 0.0545699




#0th eigenvalue Sz = 0
0 0.384127
0.1 0.37796
0.2 0.359672
0.3 0.33121
0.4 0.2959
0.5 0.258263
0.6 0.222646
0.7 0.191294
0.8 0.164482
0.9 0.143353
1 0.120364
1.1 0.101875
1.2 0.0848313
1.3 0.0686713
1.4 0.0532609
1.5 0.039216
1.6 0.0275425
1.7 0.0188359
1.8 0.0128837
1.9 0.00902803
2 0.0065926




#1th eigenvalue Sz = -2
0 0.0041238
0.1 0.00539701
0.2 0.00721871
0.3 0.00973408
0.4 0.0129975
0.5 0.0168676
0.6 0.0210113
0.7 0.0250917
0.8 0.0289361
0.9 0.0323343
1 0.0359764
1.1 0.0391929
1.2 0.0421951
1.3 0.0449775
1.4 0.0474934
1.5 0.0496627
1.6 0.0514299
1.7 0.0528014
1.8 0.0537874
1.9 0.0543754
2 0.0545701




#1th eigenvalue Sz = -1
0 0.0388823
0.1 0.0424876
0.2 0.0454085
0.3 0.0472884
0.4 0.0478412
0.5 0.0470599
0.6 0.0452844
0.7 0.043001
0.8 0.040556
0.9 0.0381732
1 0.0359771
1.1 0.0380398
1.2 0.0405637
1.3 0.0430259
1.4 0.0453108
1.5 0.0470785
1.6 0.0478528
1.7 0.0472927
1.8 0.0454105
1.9 0.0424887
2 0.03888




#1th eigenvalue Sz = 0
0 0.0545827
0.1 0.0543858
0.2 0.0538018
0.3 0.052823
0.4 0.0514611
0.5 0.0496969
0.6 0.047527
0.7 0.0450066
0.8 0.0422081
0.9 0.0390643
1 0.0359778
1.1 0.0325537
1.2 0.0289185
1.3 0.0250535
1.4 0.0209702
1.5 0.0168328
1.6 0.0129729
1.7 0.00972048
1.8 0.00721185
1.9 0.00539316
2 0.00411946




#2th eigenvalue Sz = -2
0 0.00346951
0.1 0.00425252
0.2 0.00518949
0.3 0.00630849
0.4 0.00777397
0.5 0.00973996
0.6 0.0119763
0.7 0.0142357
0.8 0.0163893
0.9 0.0183184
1 0.0203173
1.1 0.0221249
1.2 0.0238855
1.3 0.0256875
1.4 0.0276457
1.5 0.0298526
1.6 0.0322837
1.7 0.034739
1.8 0.0368832
1.9 0.0383557
2 0.0388793




#2th eigenvalue Sz = -1
0 0.0224311
0.1 0.025544
0.2 0.0282295
0.3 0.0300203
0.4 0.0305675
0.5 0.0298761
0.6 0.0283135
0.7 0.0263335
0.8 0.0293852
0.9 0.0319277
1 0.0345715
1.1 0.0323531
1.2 0.0293509
1.3 0.0263758
1.4 0.0283599
1.5 0.0299175
1.6 0.0305986
1.7 0.0300406
1.8 0.0282431
1.9 0.0255535
2 0.022439




#2th eigenvalue Sz = 0
0 0.0388828
0.1 0.038358
0.2 0.0368862
0.3 0.0347426
0.4 0.032287
0.5 0.0298571
0.6 0.0276503
0.7 0.0256929
0.8 0.0238895
0.9 0.0221058
1 0.0203198
1.1 0.0184154
1.2 0.0163841
1.3 0.0142225
1.4 0.011961
1.5 0.00972737
1.6 0.00776482
1.7 0.0063034
1.8 0.00518668
1.9 0.00425085
2 0.00346706




#3th eigenvalue Sz = -2
0 0.00222537
0.1 0.00295256
0.2 0.00395355
0.3 0.00522627
0.4 0.00654127
0.5 0.00757976
0.6 0.00834676
0.7 0.00891224
0.8 0.00933352
0.9 0.0107708
1 0.0119294
1.1 0.0131718
1.2 0.0142664
1.3 0.0152777
1.4 0.0163306
1.5 0.0175339
1.6 0.0188863
1.7 0.0202453
1.8 0.021403
1.9 0.0221708
2 0.0224381




#3th eigenvalue Sz = -1
0 0.0066003
0.1 0.00777986
0.2 0.00950533
0.3 0.0118984
0.4 0.0150023
0.5 0.018654
0.6 0.0224793
0.7 0.0261153
0.8 0.0242517
0.9 0.0223261
1 0.0203187
1.1 0.0221497
1.2 0.0242688
1.3 0.0260459
1.4 0.0224108
1.5 0.0185986
1.6 0.0149629
1.7 0.0118764
1.8 0.00949332
1.9 0.00777252
2 0.00659259




#3th eigenvalue Sz = 0
0 0.0224318
0.1 0.0221661
0.2 0.0213969
0.3 0.020237
0.4 0.0188745
0.5 0.0175181
0.6 0.0163114
0.7 0.015256
0.8 0.0142519
0.9 0.0133402
1 0.0119319
1.1 0.0105452
1.2 0.00932374
1.3 0.00889773
1.4 0.00833316
1.5 0.00756804
1.6 0.0065328
1.7 0.00522147
1.8 0.00395135
1.9 0.00295144
2 0.00222397




#4th eigenvalue Sz = -2
0 0.00168951
0.1 0.0021779
0.2 0.00278427
0.3 0.00348431
0.4 0.00423573
0.5 0.00505152
0.6 0.0060958
0.7 0.00746807
0.8 0.00901384
0.9 0.00955596
1 0.0103901
1.1 0.0115654
1.2 0.0127295
1.3 0.0138482
1.4 0.0148263
1.5 0.0155396
1.6 0.0159175
1.7 0.0160249
1.8 0.0159817
1.9 0.0158996
2 0.015863




#4th eigenvalue Sz = -1
0 0.00640343
0.1 0.00705951
0.2 0.00779632
0.3 0.0111081
0.4 0.0139451
0.5 0.0155156
0.6 0.0158737
0.7 0.0154369
0.8 0.0158559
0.9 0.0176686
1 0.0197025
1.1 0.0178934
1.2 0.0158381
1.3 0.0155758
1.4 0.0160193
1.5 0.0156417
1.6 0.0140345
1.7 0.0111572
1.8 0.00779017
1.9 0.00705552
2 0.00639825




#4th eigenvalue Sz = 0
0 0.015874
0.1 0.0159087
0.2 0.0159944
0.3 0.016044
0.4 0.0159453
0.5 0.0155727
0.6 0.0148612
0.7 0.0138809
0.8 0.0127466
0.9 0.011406
1 0.0103907
1.1 0.00965907
1.2 0.00903553
1.3 0.00749645
1.4 0.00611148
1.5 0.00505599
1.6 0.00423595
1.7 0.00348415
1.8 0.00278431
1.9 0.00217808
2 0.00168926




#5th eigenvalue Sz = -2
0 0.00113044
0.1 0.0014777
0.2 0.00189297
0.3 0.00234497
0.4 0.00324491
0.5 0.0043503
0.6 0.00556506
0.7 0.00679313
0.8 0.00798657
0.9 0.00897928
1 0.00985812
1.1 0.00998044
1.2 0.00997313
1.3 0.0098212
1.4 0.00982444
1.5 0.0102035
1.6 0.0104464
1.7 0.0106192
1.8 0.0107494
1.9 0.010829
2 0.0108571




#5th eigenvalue Sz = -1
0 0.00412384
0.1 0.00505743
0.2 0.00773893
0.3 0.00858104
0.4 0.00939364
0.5 0.0103757
0.6 0.0119214
0.7 0.0138476
0.8 0.0145853
0.9 0.0140385
1 0.0120533
1.1 0.013407
1.2 0.0146517
1.3 0.0138134
1.4 0.0118898
1.5 0.0103524
1.6 0.00937734
1.7 0.00857074
1.8 0.00776153
1.9 0.00506426
2 0.00411939




#5th eigenvalue Sz = 0
0 0.0108622
0.1 0.0108332
0.2 0.0107553
0.3 0.0106281
0.4 0.0104591
0.5 0.0102183
0.6 0.00983956
0.7 0.00986092
0.8 0.00999433
0.9 0.00974783
1 0.00985887
1.1 0.00916151
1.2 0.00797177
1.3 0.00676782
1.4 0.00554207
1.5 0.00433305
1.6 0.00323384
1.7 0.00233928
1.8 0.00189382
1.9 0.00147835
2 0.00113087




