          68          69 (-0.232357086734017,1.690470699604387E-017)
          68          70 (-0.570831220298497,2.274324949011794E-016)
          68          71 (-2.620139759625908E-002,-4.757341788535174E-017)
          68          72 (0.518798210397804,1.376565438537688E-016)
          68          73 (-1.417684932376798E-003,-4.695466673103787E-018)
          68          74 (5.643809406471571E-002,-1.785098914075623E-017)
          68          75 (-0.182846502998901,-1.210533267503426E-016)
          68          76 (-0.171806333237501,3.148726328328533E-017)
          68          77 (-0.177939836001354,4.489228514200002E-017)
          68          78 (5.578152334130033E-002,-3.761178104411608E-017)
          68          79 (-2.077304744008168E-003,-4.496527357099140E-017)
          68          80 (1.887991134190675E-002,1.039416893056476E-016)
          68          81 (-3.449824241037802E-002,-1.224596377245144E-016)
          68          82 (0.540362873853529,6.066386053205364E-017)
          68          83 (5.493315756958024E-003,-5.727015074247169E-017)
          68          84 (-0.544136066068715,1.885488033725825E-016)
          68          85 (6.190459821459752E-003,-4.825617145604246E-017)
          68          86 (0.535192968133530,3.422492538150286E-017)
          68          87 (-3.408355673048297E-002,8.226694548590038E-018)
          68          88 (-0.488808394179254,-8.417745887705259E-017)
          68          89 (-1.015063402831468E-002,6.251018811881645E-017)
          68          90 (-1.069198445391222E-002,-7.210793729616731E-018)
          68          91 (6.046833509466426E-004,3.787439267807502E-017)
          68          92 (3.107492564097264E-002,4.947914026467631E-017)
          68          93 (-7.807736047247817E-004,-7.114537946534191E-017)
          68          94 (-9.545508365227672E-003,-5.697998505962845E-017)
          68          95 (-7.072968124102961E-003,1.447492586268106E-016)
          68          96 (3.528650635720939E-002,3.304271455865629E-017)
          68          97 (-1.400210530151558E-002,5.883124119922829E-017)
          68          98 (-0.418719006441351,3.533686421029381E-017)
          68          99 (-1.372935876605317E-002,1.165267260515368E-016)
          68         100 (0.419076144456401,6.887047409327042E-017)
          68         101 (-1.483709969093837E-002,9.750951523027747E-017)
          68         102 (-0.414449109845190,1.312456743076681E-016)
          68         103 (-1.388445383308960E-002,5.254194930912931E-017)
          68         104 (0.415706890162937,3.463063697399781E-017)
          68         105 (9.875670223887083E-004,1.216751955008696E-016)
          68         106 (2.850788457706875E-002,-3.976193672065644E-017)
          68         107 (-2.259458472693448E-003,-1.969249820748952E-016)
          68         108 (-4.362733238392636E-003,1.173136325516002E-016)
          68         109 (-2.943459737095826E-004,5.075336602281540E-017)
          68         110 (2.770078217603046E-002,1.133372302756702E-016)
          68         111 (-1.900015631266592E-003,-3.925750506866043E-017)
          68         112 (-3.579281078609980E-003,1.078107866707393E-016)
          68         113 (-1.197863469771339E-002,-3.403417892495848E-017)
          68         114 (0.339567263565661,-1.095825899539057E-017)
          68         115 (-1.217194256836643E-002,-1.196874528329360E-016)
          68         116 (-0.338503880157986,-1.642122169360528E-017)
          68         117 (-1.105420014572566E-002,-8.122598927971364E-017)
          68         118 (0.335819999108451,-8.943925065638504E-018)
          68         119 (-1.177312691150561E-002,4.678067735413945E-017)
          68         120 (-0.337517710082322,4.406391575847622E-017)
          68         121 (-2.198015118209164E-003,-7.555109307863067E-017)
          68         122 (-2.924581786576593E-003,-7.832765635900850E-017)
          68         123 (7.951944760702487E-004,-3.528055262869289E-017)
          68         124 (2.367081406456811E-002,4.150396237528646E-017)
          68         125 (-1.657315230261076E-003,-1.769002948214886E-016)
          68         126 (-2.401786360409097E-003,-3.500265101918833E-017)
          68         127 (1.059837950663145E-003,1.679129984908841E-016)
          68         128 (2.333362552301456E-002,-3.077567194762250E-017)
          68         129 (-9.908358082866803E-003,8.454774219787475E-017)
          68         130 (-0.273282321351930,6.724259601469650E-017)
          68         131 (-9.723448319983079E-003,1.105563803004993E-017)
          68         132 (0.272955443762476,-9.536880403638298E-017)
          68         133 (-1.053931962921378E-002,4.657927146936613E-017)
          68         134 (-0.270023879935154,6.275949266011536E-017)
          68         135 (-9.946132693444125E-003,5.026730755732585E-017)
          68         136 (0.272086111827886,3.684238809925044E-017)
          68         137 (1.277678906131314E-003,3.125390203732670E-017)
          68         138 (2.122384733968661E-002,8.999193627918096E-018)
          68         139 (-1.921067854603800E-003,-8.253056575392830E-017)
          68         140 (-3.117937419226997E-003,-3.050959886492685E-017)
          68         141 (7.794440238815158E-004,9.289776518489873E-017)
          68         142 (2.065582244227203E-002,6.269669372757080E-017)
          68         143 (-2.217031224590179E-003,-1.320969528655711E-016)
          68         144 (-2.863967711634480E-003,8.155214486001808E-017)
          68         145 (-8.348713879393012E-003,2.712266297005814E-017)
          68         146 (0.214611974592858,2.026983117917096E-017)
          68         147 (-8.417697336510084E-003,-5.038448103558886E-017)
          68         148 (-0.212500666741322,-6.161868168109996E-017)
          68         149 (-7.538958754983053E-003,-5.039367335971749E-017)
          68         150 (0.211658920315383,-8.817916296783779E-017)
          68         151 (-8.012621953926423E-003,3.669869212967366E-017)
          68         152 (-0.211604208738672,-7.994524178537855E-017)
          68         153 (-2.778397816743845E-003,-1.376235340115114E-017)
          68         154 (-8.270804592266645E-003,5.252333542585638E-017)
          68         155 (3.492174435758551E-004,1.247086166163129E-016)
          68         156 (2.255353490292482E-002,1.594694017704610E-017)
          68         157 (-2.261259938913163E-003,-1.361847633591197E-016)
          68         158 (-8.066355957014401E-003,-9.918311423272807E-019)
          68         159 (5.630899062476543E-004,1.087556934053577E-016)
          68         160 (2.238477693285826E-002,-1.012496564373004E-016)
          68         161 (-5.964732062015269E-003,1.585130332850589E-017)
          68         162 (-0.149623309084200,-6.410220811006318E-017)
          68         163 (-6.125426922860130E-003,3.354281366885602E-018)
          68         164 (0.151360378151543,6.074157693324335E-017)
          68         165 (-6.689981153997918E-003,-2.335070394285927E-017)
          68         166 (-0.146562879923347,-5.536501291243709E-017)
          68         167 (-6.348469942440996E-003,-2.870877442877582E-017)
          68         168 (0.150395056986537,-8.525496087561355E-017)
          68         169 (-2.299703988903748E-004,-4.204830384351175E-017)
          68         170 (2.854712772656412E-002,2.930650473215216E-017)
          68         171 (-2.748284726917460E-003,-9.519350801989520E-017)
          68         172 (-1.799487604288244E-002,1.407679507215452E-017)
          68         173 (-8.980607568373202E-004,1.451227283143506E-017)
          68         174 (2.813426052800131E-002,4.833305688030034E-018)
          68         175 (-2.991573673664382E-003,-3.270381351148023E-017)
          68         176 (-1.793021902255352E-002,8.871761882703558E-018)
          68         177 (-4.399596281325665E-003,-8.788091101981656E-017)
          68         178 (7.837431457634235E-002,6.586454971795754E-018)
          68         179 (-3.956118086244115E-003,8.059708301420531E-018)
          68         180 (-7.365513824772188E-002,-5.596633790740301E-017)
          68         181 (-3.819558645183571E-003,-3.274576351934902E-018)
          68         182 (7.604701868105555E-002,1.593569619952717E-017)
          68         183 (-3.685227139635475E-003,-6.182078673267110E-018)
          68         184 (-7.301979399667742E-002,5.318239469223925E-017)
          68         185 (-3.530720440678763E-003,-1.580939916764024E-017)
          68         186 (-1.468990180421073E-002,-4.222172586374638E-017)
          68         187 (-2.322724124946744E-003,-1.547728347692820E-017)
          68         188 (2.137977729601285E-002,1.367413230536806E-017)
          68         189 (-3.021581339927027E-003,-5.484562367566818E-018)
          68         190 (-1.426248366626370E-002,-2.519075049019253E-017)
          68         191 (-2.136533883808971E-003,9.058751177340993E-017)
          68         192 (2.141639287267489E-002,1.514194703424591E-018)
          
          
          
          
          
          

          69          70 (-0.231541259832794,2.592262912474273E-017)
          69          71 (0.656276955668458,1.229899041627772E-016)
          69          72 (-2.678458504143284E-002,-7.521622656773051E-017)
          69          73 (1.679588446913586E-002,7.624099878181051E-017)
          69          74 (-0.600930339489582,7.351310209526079E-017)
          69          75 (5.200810629193599E-002,-3.042773904082879E-017)
          69          76 (-0.817867898004459,6.960840453223448E-017)
          69          77 (-0.174791319038087,2.080632364045949E-016)
          69          78 (-0.814241322687452,-1.299597489674164E-017)
          69          79 (5.269531594763529E-002,-4.411582029690076E-017)
          69          80 (-0.601163405535396,-2.096755379638536E-016)
          69          81 (0.561234462287969,6.123435771556761E-017)
          69          82 (-3.141275500319141E-002,1.027273626571047E-016)
          69          83 (0.596189311586837,-1.211697322913031E-016)
          69          84 (1.040089526500381E-002,-7.263412335115102E-017)
          69          85 (0.628694336321327,3.742551383977803E-016)
          69          86 (9.774038326897131E-003,6.694065911379826E-017)
          69          87 (0.591906291001348,-2.692856738993474E-016)
          69          88 (-3.062081192790360E-002,9.471990847750765E-017)
          69          89 (3.116503639987992E-002,2.881392453046661E-017)
          69          90 (-0.535598061741053,-8.509845639953586E-017)
          69          91 (-1.543568680795708E-002,4.373363967876499E-017)
          69          92 (-0.552816083528066,9.240261755103759E-017)
          69          93 (2.639999682749001E-002,-5.530395616601168E-017)
          69          94 (-0.549005388853945,2.523872479427330E-016)
          69          95 (-1.372167663210736E-002,3.120970552630428E-017)
          69          96 (-0.534360454099905,-2.153413564583158E-016)
          69          97 (0.492908243973972,2.154227348888809E-016)
          69          98 (-1.013428907884086E-002,-1.014311761844638E-016)
          69          99 (0.497381509872472,-7.800564993248778E-017)
          69         100 (-8.988040603306801E-003,-9.349707720988323E-017)
          69         101 (0.495221725334118,2.730579653173190E-016)
          69         102 (-1.067019420685966E-002,1.136521533402065E-016)
          69         103 (0.493288064594650,-1.900263835131282E-016)
          69         104 (-9.565718066497477E-003,-8.979410646065218E-017)
          69         105 (-8.071892642670185E-003,3.688152997817720E-017)
          69         106 (-0.459423854471846,-2.333759169996257E-017)
          69         107 (2.439366395729699E-002,1.650051981640316E-017)
          69         108 (-0.458810699294714,2.169270209087529E-016)
          69         109 (-8.083702297460462E-003,2.524005894206454E-017)
          69         110 (-0.456021677917262,6.337999746229915E-017)
          69         111 (2.572507547104697E-002,7.864044753789900E-017)
          69         112 (-0.457453933455458,-8.694751188298520E-017)
          69         113 (0.422379535302475,-1.254921418998950E-016)
          69         114 (-9.356802034495376E-003,8.246592147950754E-017)
          69         115 (0.421332111052898,2.200160085919962E-016)
          69         116 (-9.882070672215285E-003,-1.038526315020573E-016)
          69         117 (0.420379471243441,-1.984157432288423E-016)
          69         118 (-9.703252552928306E-003,4.218217709266680E-017)
          69         119 (0.417613679640318,-1.915439193169063E-016)
          69         120 (-1.052030486268830E-002,-1.089357804336731E-016)
          69         121 (2.349106592543333E-002,4.421118206342216E-018)
          69         122 (-0.389401979763072,9.140232763663186E-017)
          69         123 (-3.226676278907792E-003,4.156159205822752E-017)
          69         124 (-0.388457406810571,-6.536659395515437E-017)
          69         125 (2.367063957846069E-002,-3.967636328930443E-017)
          69         126 (-0.386114011651863,-2.861137247061490E-017)
          69         127 (-1.744177551310177E-003,2.336363279774342E-018)
          69         128 (-0.387684365747004,7.706931658745578E-017)
          69         129 (0.356065877355894,-2.438029467696877E-016)
          69         130 (-1.365149656499229E-002,-1.071426124470456E-017)
          69         131 (0.357351655270766,-1.810799827093204E-016)
          69         132 (-1.272188145144300E-002,-6.756747934066393E-017)
          69         133 (0.354208926308314,1.383777172130869E-016)
          69         134 (-1.420390002478404E-002,8.010388387797744E-018)
          69         135 (0.353963970789084,-6.203237065214046E-017)
          69         136 (-1.328840626186113E-002,1.258406708177295E-016)
          69         137 (6.935600329039184E-003,2.410452036840969E-017)
          69         138 (-0.326514618517620,-3.361717750794146E-017)
          69         139 (2.782155007699964E-002,-3.760407874758935E-017)
          69         140 (-0.325656674456392,2.506794929229466E-017)
          69         141 (7.354472571333581E-003,2.504346699262042E-018)
          69         142 (-0.323430047688739,-3.848516645384334E-017)
          69         143 (2.907190125597110E-002,-7.581223760848928E-017)
          69         144 (-0.324805449962897,7.065295972816733E-017)
          69         145 (0.295501645307840,5.814757068847485E-017)
          69         146 (-2.447626949493473E-002,6.361179991015117E-018)
          69         147 (0.294564056957978,-5.185305224001845E-017)
          69         148 (-2.511091874610936E-002,-4.881605505833062E-018)
          69         149 (0.293696311802478,-6.501288432596562E-017)
          69         150 (-2.533582184423752E-002,-4.958114984665232E-017)
          69         151 (0.291379342653005,2.739422623137924E-017)
          69         152 (-2.580740877474854E-002,-1.267044283567983E-016)
          69         153 (4.321325417361088E-002,-3.091848536238893E-017)
          69         154 (-0.263162969115462,-4.396844510532237E-017)
          69         155 (2.693322042340092E-002,2.687111192560559E-017)
          69         156 (-0.262159505842344,-9.529129967758277E-017)
          69         157 (4.362042536623163E-002,-3.803283992091058E-017)
          69         158 (-0.260087303491833,-1.147903968870464E-016)
          69         159 (2.874351743755644E-002,3.841978862737242E-017)
          69         160 (-0.261346093029868,1.517913124613879E-016)
          69         161 (0.226034916230741,1.506372058514632E-018)
          69         162 (-4.794529814301753E-002,-6.038527121750206E-017)
          69         163 (0.227922402375468,-1.195343238424642E-016)
          69         164 (-4.760467636824799E-002,4.438191630309798E-017)
          69         165 (0.224167366718405,-1.093430852095270E-016)
          69         166 (-4.887225753518552E-002,6.981783364255647E-017)
          69         167 (0.224550869297238,-4.110124229974608E-017)
          69         168 (-4.837175821374480E-002,2.825770868842928E-017)
          69         169 (5.845744704336316E-002,4.296249308602942E-017)
          69         170 (-0.189184290807901,-1.222514006362740E-016)
          69         171 (6.850447262308379E-002,-2.431138204655612E-017)
          69         172 (-0.188204848312261,6.399700643049388E-017)
          69         173 (5.882242818792161E-002,-3.374816239589899E-017)
          69         174 (-0.185988000197472,9.431755517799236E-017)
          69         175 (6.936915642616046E-002,-2.929880243562543E-017)
          69         176 (-0.187148193308690,-3.610404503725817E-017)
          69         177 (0.145995261736686,-5.535594666756709E-017)
          69         178 (-7.148448748530359E-002,-4.478399452059447E-017)
          69         179 (0.143687944062955,-8.046045894486215E-017)
          69         180 (-7.163006400606664E-002,-2.129808776548923E-017)
          69         181 (0.144355883621175,3.896628490474507E-018)
          69         182 (-7.156193752880667E-002,1.921429562598720E-017)
          69         183 (0.141206579586574,4.881669691637451E-017)
          69         184 (-7.201112950514170E-002,-4.889582884378602E-018)
          69         185 (0.101751959329441,1.502039516718347E-017)
          69         186 (-0.126373746800999,-2.033403417618655E-018)
          69         187 (9.740790855262028E-002,2.305334028052378E-017)
          69         188 (-0.125746070100503,2.952638695918900E-017)
          69         189 (0.101357227959379,-2.063977064746961E-017)
          69         190 (-0.124974531740614,-2.035010355078546E-017)
          69         191 (9.740261990420690E-002,-2.263246479174182E-017)
          69         192 (-0.125764641965050,-1.967537893651880E-017)







          70          71 (-0.232709544882539,2.130803656516959E-017)
          70          72 (-0.571373397037866,5.499283840273560E-017)
          70          73 (-2.091859277200626E-003,2.971619355216910E-017)
          70          74 (1.943406871398998E-002,3.220146789812686E-017)
          70          75 (-1.899819960038255E-003,3.539718740466907E-017)
          70          76 (5.589332681411270E-002,-7.757532996105996E-017)
          70          77 (-0.182820120523337,1.623607430231881E-017)
          70          78 (-0.171415722963356,-2.475664814100605E-017)
          70          79 (-0.179235058890243,2.060180932887359E-017)
          70          80 (5.540836764427910E-002,-2.156202896253909E-017)
          70          81 (-3.599458291821509E-002,6.862269396482575E-017)
          70          82 (-0.489892027319240,1.527397494152476E-017)
          70          83 (-3.510055116860152E-002,2.271040469707182E-017)
          70          84 (0.541642041218245,7.677346587622376E-017)
          70          85 (5.543971349184559E-003,5.900105849884140E-017)
          70          86 (-0.544035284316680,1.109408761922934E-016)
          70          87 (6.178948894755882E-003,-8.158639257136015E-017)
          70          88 (0.540529065292401,-9.405297212289860E-017)
          70          89 (-8.644384586155837E-003,-9.434506337987353E-017)
          70          90 (3.598999304754251E-002,3.107619905317432E-017)
          70          91 (-1.018315505699277E-002,1.728468695802914E-017)
          70          92 (-1.074633161661168E-002,2.572970493554943E-017)
          70          93 (6.093850581258141E-004,-1.010064495474185E-017)
          70          94 (3.003905790868050E-002,3.495668939854521E-017)
          70          95 (-1.016383122313195E-003,-1.686003367618884E-016)
          70          96 (-1.017398637968152E-002,-3.659947921488890E-017)
          70          97 (-1.324470204705762E-002,-7.005238691059661E-017)
          70          98 (0.420966323393701,-1.138452609174124E-016)
          70          99 (-1.382539838115715E-002,-1.247757366289030E-016)
          70         100 (-0.420512175667784,6.620719875763990E-018)
          70         101 (-1.254720840624925E-002,-1.148614138949029E-016)
          70         102 (0.418789461741270,-1.911428497334788E-016)
          70         103 (-1.324778257609732E-002,-8.961071844811103E-017)
          70         104 (-0.419416127542478,-3.345666714996482E-017)
          70         105 (-2.064859962801816E-003,-1.079770279041079E-016)
          70         106 (-5.013156926714908E-003,-1.835603972729458E-017)
          70         107 (4.446767211537899E-004,3.026166285667152E-016)
          70         108 (2.759650197210422E-002,-1.091011964209852E-016)
          70         109 (-2.261240464486725E-003,7.928340590986830E-017)
          70         110 (-4.745385406740685E-003,-1.282597420911599E-016)
          70         111 (1.129409613044367E-004,2.591639393231632E-017)
          70         112 (2.715359736660618E-002,-1.523506917466415E-016)
          70         113 (-1.142339326186887E-002,7.365632813305543E-017)
          70         114 (-0.342092143219695,1.134545986036966E-016)
          70         115 (-1.116582770809668E-002,1.035702139627439E-016)
          70         116 (0.341059835994755,1.037312286377550E-016)
          70         117 (-1.201405380692491E-002,3.700861787086822E-017)
          70         118 (-0.338199441311956,1.178030263865678E-016)
          70         119 (-1.130705298906039E-002,-1.180230232311125E-017)
          70         120 (0.340060000146397,5.657304705979962E-017)
          70         121 (1.308469799343984E-003,6.412033486892780E-017)
          70         122 (2.360267863434314E-002,8.175914407917392E-017)
          70         123 (-1.768858649055277E-003,4.532104631532124E-017)
          70         124 (-3.249292496041709E-003,-4.784189793571199E-017)
          70         125 (7.915840317537135E-004,1.439423513716295E-016)
          70         126 (2.290227512534857E-002,3.692370922106166E-017)
          70         127 (-2.072802331725405E-003,-1.423556782871234E-016)
          70         128 (-2.935596324461344E-003,4.894332633903418E-017)
          70         129 (-9.560031938869364E-003,-5.387921469657942E-017)
          70         130 (0.275848462114095,1.227633741202857E-016)
          70         131 (-9.766162646431034E-003,2.623090437382441E-017)
          70         132 (-0.274486674288476,3.229809045723449E-017)
          70         133 (-8.818577722385793E-003,-2.879907010145077E-017)
          70         134 (0.272604977974028,-1.025748755246768E-016)
          70         135 (-9.336842423355647E-003,-1.657075742520642E-017)
          70         136 (-0.273578876573411,-1.329894564756057E-016)
          70         137 (-2.385118052403607E-003,-3.200872709694610E-017)
          70         138 (-3.859388246341495E-003,-3.073949866214876E-018)
          70         139 (9.092742400063841E-004,6.794122411022281E-017)
          70         140 (2.061637184819040E-002,6.385038771446722E-017)
          70         141 (-1.903815820675735E-003,-8.945245459328800E-017)
          70         142 (-3.444764984559110E-003,-7.279825562237536E-017)
          70         143 (1.143040963141326E-003,1.481577082279005E-016)
          70         144 (2.031971627235029E-002,-6.061322251709072E-017)
          70         145 (-7.641491490313508E-003,-1.348268668202587E-017)
          70         146 (-0.214943484583949,-3.322589625968334E-018)
          70         147 (-7.590147458756628E-003,6.159104739996016E-017)
          70         148 (0.215364758099443,1.383904626799585E-016)
          70         149 (-8.358134009678430E-003,8.546779985679374E-017)
          70         150 (-0.211915937446635,4.200705300244078E-017)
          70         151 (-7.815685085458138E-003,-5.011187475494643E-017)
          70         152 (0.214499120025868,7.405111667705341E-017)
          70         153 (8.783185469717138E-004,4.422181856814955E-017)
          70         154 (2.252217332915769E-002,-6.525880765078331E-017)
          70         155 (-2.307480599781273E-003,-1.015203027585589E-016)
          70         156 (-8.584143540642084E-003,1.871841444007591E-018)
          70         157 (3.307416215993130E-004,1.587313108669860E-016)
          70         158 (2.215145738758527E-002,-6.754730665928441E-018)
          70         159 (-2.609551314428793E-003,-9.256564949418669E-017)
          70         160 (-8.461420421552946E-003,7.456978382352293E-017)
          70         161 (-6.303104527083153E-003,-3.350755732344498E-017)
          70         162 (0.153305492775963,-4.014501135535335E-018)
          70         163 (-6.147422842349745E-003,5.117717571979801E-018)
          70         164 (-0.149922190141008,1.834930021783369E-017)
          70         165 (-5.469653886055845E-003,3.059828989249207E-017)
          70         166 (0.150274064789815,4.769601277173550E-017)
          70         167 (-5.737906386122405E-003,4.554771389882212E-017)
          70         168 (-0.148908757721003,1.090241963792195E-016)
          70         169 (-3.233878450278673E-003,2.039072972643872E-017)
          70         170 (-1.853729216741145E-002,-2.990132375082940E-017)
          70         171 (-6.597307944224151E-004,1.048752030599868E-016)
          70         172 (2.829583710016085E-002,-3.101146308474729E-017)
          70         173 (-2.576616074747032E-003,8.487197220404752E-019)
          70         174 (-1.829203362480179E-002,-2.924488635993833E-017)
          70         175 (-4.678859351757244E-004,2.069570399129467E-017)
          70         176 (2.817684141162967E-002,-2.992507249845348E-017)
          70         177 (-3.408744453696196E-003,1.013894554116107E-016)
          70         178 (-7.508765806316106E-002,-1.831276015633487E-017)
          70         179 (-3.863351028841727E-003,6.127543663037683E-018)
          70         180 (7.807308810513501E-002,3.361598548585994E-017)
          70         181 (-3.905371841156343E-003,3.995309580022904E-017)
          70         182 (-7.273876462021944E-002,-2.105376908578127E-017)
          70         183 (-3.999135162321491E-003,-1.650849719494869E-017)
          70         184 (7.745379871341966E-002,-8.727068740808585E-018)
          70         185 (-1.837164501565659E-003,6.192600560486659E-018)
          70         186 (2.163395823327895E-002,5.112225101004194E-017)
          70         187 (-3.052452862169857E-003,6.167338861759115E-019)
          70         188 (-1.473579999362672E-002,-9.694807282988272E-019)
          70         189 (-2.330698307827393E-003,1.490165142906308E-017)
          70         190 (2.112727492670364E-002,3.443962689718542E-017)
          70         191 (-3.236152975021749E-003,-8.602016455056771E-017)
          70         192 (-1.477410710741954E-002,-2.996743512935049E-018)


