#Ny=8 J2=0.45 Jx=0.3 Bond=4000
0   0.005774011975534495   -2.4808280855945255
0   0.004073769226487346   -2.4808711495858646
0   0.0038369322312957364   -2.480971098760943
0   0.022431745467996457   -1.6955182822112604
0   0.0034696532287045376   -2.4808377532819677
0   0.002592108485639519   3.016898881107789
0   0.0022530584877817426   3.016822414100022
0   0.0022647424788213378   -2.4808586065505893
0   0.00222547443480005   -2.4808419131721635
0   0.0016895948424353398   3.01680378048995
0   0.010862255801256661   -1.6954424316452477
0   0.0011717169059374496   3.0170450176118457
0   0.0010559953098556926   3.017360101227399
0   0.0013094660337051537   -2.480673891814159
0   0.0016076467512454403   2.2315076301337182
0   0.001015222629378574   -2.4806306864099197
0   0.006403644666331089   -1.6954287970338482
0   0.0009184225433751994   -2.480629618440534
0   0.0011305241934253204   2.2312745833070906
0   0.0009838894396369214   2.231894905682579
0   0.0005911235882095629   3.0170875868314457
0   0.0007205277283036431   -2.480451023937722
0   0.0005390243709595795   3.016763517688836
0   0.0005164525267208711   3.0168135550699255
0   0.004123890222004922   -1.6953621248009922
0   0.0004735342644956735   3.0170060413972313
0   0.0004164405703389026   3.017257513076704
0   0.000601791655808014   2.2314865216002313
0   0.00029267537565254233   3.0172657410118355
0   0.00029059052544561385   3.017179684236698
0   0.002275396919400792   -1.6952611341036337
0   0.0004067952527597902   2.2312689079380434
0   0.0003954309919859066   2.2310249304460887
0   0.00023315503215454576   3.017287566117999
0   0.00031779802546768243   2.231367999459238
0   0.0002939263032855571   2.231375116229433
0   0.00027128877347001607   2.23138215154871
0   0.0002501915791569724   2.231886248804214
0   0.000232171307328762   2.2316365895147166
0   0.00020402154730531807   2.2314756914901603
0   0.00012207884284722462   3.0168895029275578
0   0.00019586291817185361   2.2315683361532304
0   0.00017754001088441518   2.231497706616235
0   0.00016507854189627688   2.2309651546122176
0   0.00012841076602185069   2.231479118143212
0   0.00012554165525084957   2.2312426604101616
0   0.00012026786738904669   2.22904889122999
0   0.00011897257172792058   2.231519907653467
0   6.383421741935659e-05   3.0189446431190246
0   9.271822997877706e-05   2.2346973063401645
0   9.104711466819663e-05   2.2321670425731623
0   8.416773840724321e-05   2.2297987584032284
0   3.955311461227069e-05   2.2327774759448302
0   4.1111699171866026e-05   -1.697673067298205
0   3.096849178784215e-05   1.4467961132655298
0   3.729045700278713e-05   1.4454115803979013
0   4.557701178371189e-05   1.4448808307399994
0   4.7590339280978315e-05   1.4448323228312803
0   4.757557895853506e-05   1.4443614041929371
0   5.36253890853042e-05   1.4456750514623473
0   5.562553307725489e-05   1.4458405707655435
0   6.73829926232607e-05   1.4466759301888086
0   6.661688625776417e-05   1.444394826603167
0   7.278777267572011e-05   1.4469361935811413
0   7.296418035226795e-05   1.4451289038207338
0   8.343740414099967e-05   1.4459265284774496
0   8.870581094730155e-05   1.446353132496414
0   8.834661815958722e-05   1.4446645515234728
0   9.464979165334656e-05   1.446776066626587
0   9.556797664901954e-05   1.4466111481901802
0   0.00010853366605253153   1.445278393648355
0   0.0001332366701545697   1.4466185511927006
0   0.00014352167835103246   1.4451022454124507
0   0.0001490387726257275   1.4465982247360532
0   0.00016753224202134675   1.446052009381147
0   3.458253357238424e-05   -0.9115792132141398
0   0.00018867743037317337   1.445160739964121
0   3.962266603553064e-05   -0.9109403190173083
0   0.000196835355557795   1.446950759309415
0   3.120159948739565e-05   0.6581440225137838
0   3.192254184041872e-05   0.658489590669667
0   3.286720853241371e-05   0.6608450376973601
0   4.376505640761951e-05   -0.9134922037345667
0   0.00021845823812697895   1.4454317052146197
0   3.4729480794132865e-05   0.6616151429299149
0   4.5065106252771856e-05   -0.9121932576143357
0   3.865583214797903e-05   0.6590841559542449
0   0.0002593885272712481   1.4457077078831624
0   4.125019786123761e-05   0.6595848789606001
0   3.2886202793389825e-05   -0.1244980644982015
0   5.97359293081128e-05   -0.9106245524918846
0   4.134067092137855e-05   -0.12643467912463013
0   5.2086800246202693e-05   0.6616955070838042
0   4.3579502854838394e-05   -0.12544279762977747
0   5.544076933442434e-05   0.6592360675248635
0   4.530272211704517e-05   -0.12567071154599926
0   5.7675856255742436e-05   0.6587040252443199
0   4.6108691587925254e-05   -0.12740552074871728
0   4.626335329898966e-05   -0.1252734620252319
0   5.887541474053025e-05   0.6594049180532499
0   5.9413824272868285e-05   0.6598190177744746
0   0.00038988941621255247   1.4465508410529475
0   6.953932118045446e-05   0.6607787406468516
0   7.261968148141628e-05   0.6608535785581106
0   0.0005098877916588247   1.4461596243662478
0   8.369699166105855e-05   0.6601724762462952
0   8.928013396493647e-05   0.6606781611067009
0   7.600614712883284e-05   -0.12463316635258129
0   0.00010117161668382895   0.6613158701053851
0   0.00011148463331855002   0.6605516893266298
0   9.452614197980404e-05   -0.1253225661837354
0   0.0001034052653701282   -0.12521949158178905
0   0.00015069794898466603   0.6600418371676195
0   0.00019692199945927613   0.6616368620993279
0   0.0002028374466409392   0.6606595345172089
0   0.00017016944159684892   -0.12507708331358075
0   0.0006623097845429932   0.6609478579640536
0   0.00660031275574156   -0.9100033385317778
0   0.015873960067322904   -0.9100567921312557
0   0.03888276389885094   -0.9101083081781919
0   0.05458263875005526   -0.12472452290338697
0   0.3841257709057115   0.6606369045359785












#bond=6000
0   0.3599170890133397   1.7533844373166734
0   0.0016008895800934699   -2.9589600052881146
0   0.002562453525508166   -2.1735346448802493
0   0.0023625504147419558   -2.173583425995482
0   0.0011887905899818705   -2.959052039988432
0   0.0011066212359740271   -2.958733395784763
0   0.0017928903764061971   -2.17359798789499
0   0.0013033517955561877   -2.173458055605893
0   0.001174197065580743   -2.1733143725375323
0   0.0006637378562379769   -2.958937752266806
0   0.0005725712997646296   2.538939411414357
0   0.0004515161636414494   -2.9590237631528398
0   0.0004505263771929536   -2.9591327325258896
0   0.0006835698242462647   -2.173441985308444
0   0.0006208540389767097   -2.1735859289288886
0   0.0003490358917574251   -2.958987931957793
0   0.0005992533012714798   -2.173576804239791
0   0.0003377803274271779   -2.9589695256722925
0   0.0004027914778320794   2.5390890289339696
0   0.000557480059171875   -2.1735101310185008
0   0.00031618050779072716   -2.9590018850406943
0   0.0003087488747567192   -2.9587427296753677
0   0.0005021108677965758   -2.1733828079284567
0   0.00027376590980150966   -2.9589291597237986
0   0.00028417188681075444   2.538702641685061
0   0.00022720283343089515   -2.9588727956619745
0   0.00022690342008982597   -2.9588275668485857
0   0.00021788375647436182   -2.958846976700963
0   0.0002478975522942288   2.538535356314425
0   0.00024547836387898037   2.539268927868054
0   0.0003545015230677915   -2.1734656032940087
0   0.00034874395208449956   -2.173342920834627
0   0.00019370977768206084   -2.959146745752491
0   0.00021726496609965606   2.5383577520566223
0   0.00016216623878980715   -2.9589210927987057
0   0.00018523696694858557   2.5389246032189288
0   0.00026579326233495504   -2.173341383484708
0   0.00018213371272701297   2.5391038123814456
0   0.0001511264148113514   -2.9590397247401405
0   0.00014647296204330554   -2.9588953367127893
0   0.00016792867765126393   2.538467393748679
0   0.0001587802314440448   2.53909744156578
0   0.00012438931261001996   -2.9602757403403013
0   0.0006554812629611384   1.753577843323356
0   0.00012029319545237318   -2.957339733513703
0   0.00011849146995804523   -2.9586589383684965
0   0.00012904981842005675   2.5383969598345315
0   0.00010584037706140681   -2.9596480031225214
0   0.00011980900061591948   2.539055035891596
0   0.00011321289376879189   2.5392359478595465
0   0.00010982569921364869   2.5389711459063644
0   9.19599874577563e-05   2.5391857916657234
0   9.100865717462126e-05   2.53860828373382
0   8.862819198008251e-05   2.5387668278982414
0   8.695200269267127e-05   2.5379827411957754
0   8.440261396486732e-05   2.539338591656992
0   0.00011845209468579207   -2.173455921930392
0   8.108813141327865e-05   2.53837177065484
0   7.064927916951046e-05   2.5387523399443355
0   6.766515026131318e-05   2.5386375336619493
0   6.199586981094647e-05   2.53872295693598
0   5.0527020808298944e-05   -2.9578633341614937
0   5.8616201385953326e-05   2.53835735128497
0   8.424667841778242e-05   -2.1721694020544886
0   5.752125470248514e-05   2.5383660941108577
0   0.00024141260376825041   1.7538973146269858
0   4.978212456121158e-05   2.53845225340699
0   0.00022172661353008456   1.7536039344492518
0   4.192984965835235e-05   2.539179238697608
0   0.00016656756775030083   1.7532509717082925
0   3.128774550922956e-05   2.538732366756831
0   3.0224284068095995e-05   2.5405650042736787
0   0.00012998125782249714   1.7533790729932412
0   0.00012362066291840389   1.7538494074401725
0   3.49733767064445e-05   -2.1736238431857076
0   0.00010600648191392142   1.7535899968928321
0   0.00010145890917651693   1.7531700978068019
0   8.724598914479715e-05   1.7537476432207153
0   8.599812790450998e-05   1.7535299430689797
0   7.626307990249282e-05   1.7533898184998984
0   6.96319464493066e-05   1.75280498153111
0   6.89989725400106e-05   1.75334925148159
0   6.661461593615345e-05   1.7539051503739727
0   5.94185561755713e-05   1.7529638011442694
0   5.166000554336637e-05   1.7530017059439464
0   4.929041193666975e-05   1.7530380021858378
0   4.348247216846957e-05   1.753585143404504
0   4.107055748129176e-05   1.7529026373957817
0   3.9324570980904645e-05   1.752498908330717
0   3.823296742179574e-05   1.7536429174172745
0   3.7631234859854254e-05   1.7521976974076765
0   3.428277299331528e-05   1.7529187353641156
0   3.3156435408582574e-05   1.7529825451466636
0   3.138068656921229e-05   0.9678389780481316
0   3.203775801539066e-05   0.9696336038924456
0   3.596101906437587e-05   0.9683750668840334
0   3.672186475514061e-05   0.9675953102119513
0   4.216143682967899e-05   0.9684703801761064
0   3.103650621503414e-05   -0.6034237291510722
0   4.77393111873929e-05   0.9679233877423481
0   5.3323458213388074e-05   0.9679900669639471
0   3.110144726431309e-05   0.18243025618559666
0   5.428545343650276e-05   0.9668313305115162
0   5.495664425299074e-05   0.9681477986653468
0   5.791801333130063e-05   0.9682235221458301
0   4.4908374230532316e-05   -0.6041477455413835
0   4.166767840457795e-05   0.18286948656254814
0   4.466808143036112e-05   0.18235082436685293
0   9.106665116523974e-05   0.9684300387234704
0   5.292166224562162e-05   0.18127485757963588
0   5.405716620391422e-05   0.18186948033030864
0   0.00010387255676413986   0.9678575414246118
0   6.744285680928815e-05   0.18244160919659091
0   0.00011933758005868141   0.9679792131486614
0   0.00018581264785151496   0.9680066029729786
0   0.0008722591013092188   -1.3879776402269413
0   0.0010820168347828918   -1.3880410942120363
0   0.0011831832022450057   -1.388035859001292
0   0.001464590702705762   -1.3880461516147677
0   0.0020293412070552124   -1.3881258484539563
0   0.0024169213696613617   -1.3881421141243988
0   0.0036871958761219552   -1.38813525999145
0   0.003999397815011918   -1.3881980956925832
0   0.004111615456342244   -1.3881287782898581
0   0.005932527636252216   -1.3881259400704653
0   0.0026205089013762715   -0.6026750973043266
0   0.004507388827270268   -0.6027226383929655
0   0.006836409600657968   -0.602738913435105
0   0.007292244089668365   0.18265149998482033
0   0.01126834950995272   -0.602749357846693
0   0.016681892978838746   0.18263436739676414
0   0.022035843545985406   -0.6027870639465862
0   0.05480494627897854   0.9680022845138436
0   0.03851709557349785   0.18261493277631433





Bond=8000
0   0.3459795579672499   2.4841376509848674
0   0.05475099062620905   1.698748638031108
0   0.0015981292270495998   -2.2282163512496638
0   0.001221181281149286   -2.22826622165712
0   0.0011830429009817235   -2.2280761403597973
0   0.0006119789311862764   -3.013528752199296
0   0.0006538760314004523   2.4842609736684644
0   0.0007011811186601565   -2.2281999765134026
0   0.00041273785193498864   -3.0134577678308863
0   0.00030037629623740574   -3.0136538113027327
0   0.00048428362388199176   -2.2283000474815826
0   0.00047905555555606625   -2.2282237627723087
0   0.0002776796485422591   -3.0133343980332805
0   0.0002661024992095226   -3.013771835574595
0   0.00023489963802684224   -3.013881497928896
0   0.0003712717525575509   -2.2282164452323006
0   0.0003645130197441308   -2.2282067276286996
0   0.00027174881095917204   2.4844430511299445
0   0.0003469574584117813   -2.228032816265271
0   0.0003440568911026718   -2.228232283453217
0   0.000203912177308788   -3.013429680275146
0   0.00019802330103554   -3.013517781809702
0   0.00023441761021483003   2.4843403709147798
0   0.00030044952709139955   -2.22820178528792
0   0.00018295630325068518   -3.013769324763922
0   0.00017524923640821233   -3.013474563967601
0   0.00025008600690953165   -2.2281142721725202
0   0.00024362294616809773   -2.228101009352468
0   0.0002418791162168251   -2.2281261952984037
0   0.00014194282616725366   -3.013940759847514
0   0.00017655554146810728   2.4840867361517813
0   0.00013576889091650857   -3.0134826399618952
0   0.00021106338517427694   -2.2282630354936157
0   0.00012473453828867664   -3.013387355820386
0   0.00012347076917840698   -3.013526898827102
0   0.00018425579825253198   -2.2281750574483166
0   0.00014202142095949243   2.484140150119527
0   0.00013883326118958842   2.4843988220001436
0   0.00010437379434805943   -3.01343817776926
0   0.00016500179311995409   -2.2282359832805305
0   0.00016363469781074624   -2.228129758703089
0   9.965101025840154e-05   -3.013367424654045
0   9.468443380519656e-05   -3.0134293188297825
0   9.45332476399933e-05   -3.013780501764599
0   0.0001167601090877075   2.484315595860219
0   9.031777061681726e-05   -3.0138308786194377
0   0.00011296144691308758   2.484004464122981
0   8.567564214176704e-05   -3.01404192660286
0   0.0001391388339796967   -2.2273625285636545
0   0.00013709097869359633   -2.228060884815875
0   8.058559867041775e-05   -3.0136681191426224
0   9.932670296464817e-05   2.48434016856187
0   0.0001257361597041072   -2.228949108093458
0   7.665101536587518e-05   -3.0136876278233298
0   9.479671256730913e-05   2.484190130944835
0   0.00011977723668011695   -2.228585357645348
0   7.149081313260459e-05   -3.013554480667463
0   8.75104212127271e-05   2.484185754013789
0   6.719154802432792e-05   -3.0138880041977996
0   6.379971196521278e-05   -3.0138673866963304
0   7.701350470700555e-05   2.4838297003323713
0   7.593240607664523e-05   2.4844016800462607
0   7.555831687250432e-05   2.4843708875734314
0   5.821718914432732e-05   -3.0137892124608556
0   4.952449036842153e-05   -3.0135107683143953
0   6.114817857725935e-05   2.483817122534759
0   5.8418653623545176e-05   2.4839371492425104
0   5.632648444497641e-05   2.4840441402349662
0   5.05786662205203e-05   2.4843093039939634
0   4.7795304850500955e-05   2.4840370147636235
0   3.724516035061934e-05   -3.012523961500241
0   5.89232846290774e-05   -2.227538509154354
0   3.557061123059094e-05   -3.0135889266853635
0   4.410991752814569e-05   2.4837353472479564
0   4.3470537016553976e-05   2.483528849902701
0   3.9962936962573976e-05   2.4841447275684807
0   3.919457822608868e-05   2.483912007691339
0   3.854148534461089e-05   2.4838521520229215
0   3.423008913974574e-05   2.4842004209655504
0   3.3256287770438245e-05   2.48399751621835
0   3.322100895626704e-05   2.4849413710735715
0   0.00019546309149972684   1.6987794000726772
0   3.245174539673856e-05   -2.2282127340439715
0   0.00013011416252637552   1.6988588258479926
0   0.00010916139982128228   1.6986941132002809
0   0.00010115178215834216   1.6991251175894564
0   6.558266266992563e-05   1.6989556317357855
0   6.241355475570581e-05   1.6989299204435542
0   6.124776435053095e-05   1.69887855914853
0   5.929754517187764e-05   1.698151486606315
0   4.86874871104083e-05   1.698632390388154
0   4.8261126420313777e-05   1.6991159353247858
0   4.3018356811023145e-05   1.6987901737325415
0   4.17753897775418e-05   1.6990672872545118
0   3.745790168289004e-05   1.6987609191543336
0   3.7050700045232604e-05   1.699572131149937
0   3.274916936614977e-05   1.6987866665713776
0   3.160685827061858e-05   1.6984443276164538
0   3.9242903086007134e-05   -1.4427227936415474
0   9.817564750324896e-05   -1.441966716654458
0   0.0001168732199512003   -1.442670917572196
0   3.581443046078039e-05   0.9134301280535219
0   4.648500621098183e-05   0.9138055921075269
0   4.7937748242798516e-05   0.9132590113357661
0   3.361981351394662e-05   0.12766904584709504
0   5.8692752021631355e-05   0.9127498957095403
0   0.0002820874184236941   -1.4426461405438007
0   5.9994728686140096e-05   0.9130358600611057
0   7.22386143250881e-05   0.9132816894682912
0   4.719185960613754e-05   0.1271782183052435
0   0.000388893688311714   -1.4426820411541084
0   0.0003959225157794706   -1.4427676653491905
0   0.0005557984765037808   -1.4427190220443402
0   0.0006092940805967179   -1.442789511391552
0   0.000649472737997652   -1.4428122136218087
0   0.0006713788115807424   -1.4428151276549284
0   0.000739918685735038   -1.4427455526203625
0   0.0012457480830547086   -1.4426620928406213
0   0.001381555025227337   -1.4427506473854037
0   0.0018503620695154142   -1.4428403575244682
0   0.0024230765506095746   -1.4428334265435936
0   0.0025441678498391756   -1.4427984704358754
0   0.0009673428613866073   -0.6573173580593193
0   0.0011821698445871613   -0.6573595922475972
0   0.0012838956622383568   -0.6573485804869338
0   0.0015258555791317202   -0.6573583139198158
0   0.0019454557137541907   -0.6573908707416545
0   0.002525383403405897   -0.6574154213842515
0   0.002825065563432836   0.12801792306020324
0   0.0038102387595841587   -0.6574097827672005
0   0.004095699244983656   -0.6574434373351129
0   0.004119150422760998   -0.6573943574881201
0   0.004723769985898928   0.1279909626369968
0   0.007681128677909899   0.9133743141741557
0   0.006020037811962854   -0.6574055940586593
0   0.007073000790121109   0.1279854033865907
0   0.017094478206142474   0.9133678789845276
0   0.01146971375057919   0.12797733974588138
0   0.021770655296418324   0.12795659339738868
0   0.0382206536297461   0.913355778802089












Bond=10000
0   0.3426783129517251   -1.7943154138613286
0   0.054499939266200934   -2.579707704519941
0   0.03803622235611567   2.918082904328496
0   0.01708687582302003   2.918091752462911
0   0.021772831526787252   2.1326837821496176
0   0.007708202205496885   2.9180952516524377
0   0.011478534817168444   2.1326983194385023
0   0.00708588098364665   2.132705424272925
0   0.004739919720938104   2.1327072160335825
0   0.0028469252624990686   2.1327262057669216
0   0.00020357636745868784   -2.579676119527529
0   0.0006769238070530132   -1.7942477585768732
0   0.00013674558275893344   -2.5795813581245164
0   0.00011485251472324819   -2.5797116632317594
0   0.00010706598790311087   -2.579420460468285
0   7.628192025744684e-05   2.9180747782075835
0   0.0002844992765606895   -1.7941316937513128
0   6.412662890434397e-05   2.918016938426455
0   6.255474743744603e-05   2.917794618925389
0   6.915781348058856e-05   -2.579530125833267
0   6.61385121202235e-05   -2.579568391040245
0   6.559672936577097e-05   -2.579550830058627
0   0.0002452795943344121   -1.7941668031618347
0   6.186259410400878e-05   -2.5800387604120187
0   5.043063620953483e-05   2.918437494166221
0   5.030068177097024e-05   2.9180846812271364
0   5.083030704003204e-05   -2.579409517937249
0   4.826578395329724e-05   -2.57981113427246
0   0.00018280544348713696   -1.7943115901530162
0   4.5882813831535235e-05   -2.579543429485206
0   4.4984001264022356e-05   -2.5794614575896126
0   3.820328475811379e-05   2.918164709988657
0   3.9861923207694574e-05   -2.5796174922221997
0   3.898214425270488e-05   -2.579228076916756
0   0.0001475088387806139   -1.794289168273515
0   0.00014436931627872975   -1.7941310552633387
0   3.0392902239230047e-05   2.918146719041859
0   3.479548938789632e-05   -2.5796926667026323
0   3.353113024113949e-05   -2.5798448574839266
0   0.00012343185007878985   -1.7941607198703526
0   5.023960717687313e-05   2.1322569262285813
0   0.00011722992184796341   -1.794381426930275
0   0.00010426630614166484   -1.7941545050742906
0   0.00010078592240783739   -1.7942730492960357
0   9.297353187919964e-05   -1.7942133325520182
0   3.568975634612216e-05   2.1325543672110925
0   8.1351553817645e-05   -1.7940955831128411
0   8.011207367125342e-05   -1.794471646304832
0   7.958374800461163e-05   -1.7941478152516908
0   6.071694578040977e-05   -1.7944836788397367
0   6.0529749050965645e-05   -1.7944444655639156
0   5.895764190869697e-05   -1.7943485008420936
0   5.3008658472252206e-05   -1.7941609373650258
0   5.060333057913463e-05   -1.7943037622543248
0   4.6467704623893766e-05   -1.7945537809986336
0   4.5349437451923205e-05   -1.7946613327102596
0   4.105375636958097e-05   -1.7944294357249508
0   4.0476396250502215e-05   -1.7944837499089654
0   3.994624601661019e-05   -1.7943430922347416
0   3.633708040963653e-05   -1.7942833239069758
0   3.4931913993709705e-05   -1.7943488362921742
0   3.4928088458960787e-05   -1.7938298477584573
0   3.102700516882034e-05   -1.7945805621438422
0   3.0768127780965944e-05   -1.7947727938633655
0   3.0799581765144286e-05   -1.7942075777652804
0   3.0309607174342973e-05   -1.0084968168757233
0   3.0893637527552346e-05   -1.0093107454874162
0   3.811457582632084e-05   -1.0086972622758525
0   3.930893721256261e-05   -1.0081793223663247
0   5.114109610502293e-05   -1.0088004944241422
0   3.7868756840048305e-05   0.5621354238972343
0   6.029204877949433e-05   -1.0089639931471561
0   3.430879976227368e-05   -0.22333121749382862
0   6.62153348247675e-05   -1.0090276472526871
0   6.942577043005011e-05   -1.0090120196940295
0   7.474444276117851e-05   -1.0088240434083713
0   7.94023483892728e-05   -1.0088845257273782
0   8.32926331931805e-05   -1.0091032808718452
0   8.36535085207287e-05   -1.0089167897682048
0   9.305656565593962e-05   -1.0090320832528432
0   9.342780236291161e-05   -1.0089717699606695
0   9.841113652154711e-05   -1.0087879072608887
0   0.00010395622924207012   -1.008638822219128
0   0.00010756860159068446   -1.008786795644095
0   6.224818898247125e-05   -0.22293267632156588
0   0.0001279638485782899   -1.0087912893210331
0   0.00012958342148603353   -1.0087463465762887
0   0.00013980663303033472   -1.0087819432432819
0   0.0001459324408989584   -1.0090839995087746
0   0.0001023804237873466   0.5624323453430591
0   0.0001816831337257838   -1.00877590803623
0   0.00018820034285001983   -1.008963378352421
0   0.0001225771322739055   0.562030163624505
0   0.00020477551256997955   -1.0088075950045912
0   0.00021066914940281905   -1.0087397273445569
0   0.00012154735539334941   -0.2239093844967905
0   0.00012398034799450386   -0.2236977125759035
0   0.000241099060482338   -1.0090313922715897
0   0.00014056673965975034   -0.22337749284673966
0   0.00014408356498501966   -0.22297414706238197
0   0.0002727185342329292   -1.0089660254867931
0   0.00029011279834784137   -1.0086803173371752
0   0.00016851095019854831   -0.22342789393568008
0   0.00016989620079229344   -0.2234890884216014
0   0.00031169476123063143   -1.0088892249202641
0   0.00018901250741543173   -0.22344217043704456
0   0.000217374686586188   -0.22349428980403285
0   0.000980715016933359   1.3473723970471025
0   0.0004280755130903273   -1.0087873748706178
0   0.0002497848708078316   -0.22342646273362804
0   0.0002508557422586844   -0.22338565530938712
0   0.00028968633037312284   0.5620324072048237
0   0.0002567187821795852   -0.22340527554015235
0   0.001196275328672144   1.3473430818563252
0   0.0012983431232787641   1.3473503521843326
0   0.0003049202975470123   -0.22346742553928084
0   0.00039646400851809385   0.5619979332752703
0   0.00040205784906219294   0.5619428002515429
0   0.0006399298128700268   -1.0088207090130812
0   0.00035251333469502207   -0.2234887257262828
0   0.0015578310550642257   1.3473429110076902
0   0.00035619925441256396   -0.22333456544174973
0   0.00037258544768912214   -0.2234720109332819
0   0.00038088538032592426   -0.2234661009176217
0   0.002016803416773433   1.3473208503139893
0   0.0004902271470629675   -0.2234829014568433
0   0.0005667439185726586   0.5619745239200247
0   0.0004927539274615765   -0.22353066173586553
0   0.00061842548030606   0.5619385736903377
0   0.0006617706343508327   0.5619186669470644
0   0.002546487043615196   1.3473049773718606
0   0.0006823349891463112   0.561910765446194
0   0.000751673110522909   0.5619546429546666
0   0.0007102042907875872   -0.22347345467720997
0   0.0038197882806511106   1.3473127483866916
0   0.004129470112143475   1.3472908562964843
0   0.004157967986072368   1.3473173379019923
0   0.0012661040141364566   0.5619964440526631
0   0.0012095605727080233   -0.22339311416059335
0   0.001397705229787518   0.5619536650959982
0   0.0012401815524522763   -0.22351657599563024
0   0.006028732995550108   1.3473104828400775
0   0.0018706026901534952   0.5618944889282764
0   0.0016314575931567436   -0.22349157889252347
0   0.0024445339485841024   0.5618985280547031
0   0.002577914192819323   0.5619201050875954
