#J_chi =0.25 
#Nx = 2,Ny = 8
#
#J2 ; chiral order
0.4   -0.14268850623936588
0.41   -0.15633907815589085
0.42   -0.17303992399865817
0.43   -0.19457413092688014
0.44   -0.2254669916287196
0.45   -0.2848914220577319
0.46   -0.40874277901034084
0.47   -0.5938387871440789
0.48   -0.801004078694354
0.49   -0.972157260792952
0.5   -1.0985778024696644
0.51   -1.1778430254779955
0.52   -1.2195423674662658
0.53   -1.2421772912427143
0.54   -1.2543508130624834
0.55   -1.2535710213203677
0.56   -1.2464641011930948
0.57   -1.2354627830235037
0.58   -1.2218264303974826
0.59   -1.206277882179233
0.6   -1.1893040689519438
