#J_x : Chi_Order  : <Sz>(AFM)_finiteDMRG : <Sz>(CSS)_finiteDMRG at (j2=0.5 Nx*Ny=30*8)
0 1.74974e-10 -0.389663 7.8518e-06
0.025 -0.00578208 -0.385772 4.69145e-05
0.05 -0.0118367 -0.377329 2.34906e-05
0.075 -0.0185353 -0.357914 3.10558e-05
0.1 -0.0265668 0.314171 7.19325e-05
0.125 -0.037603 0.196419 -5.40422e-06
0.15 -0.0545549 6.61145e-06 2.84473e-07
0.175 -0.084302 -3.37367e-07 4.12344e-07
0.2 -0.140518 -1.43717e-08 -7.39794e-07
0.25 -0.270831 -4.85778e-08 1.80845e-06
0.3 -0.342427 -1.52194e-05 0.0834779
0.35 -0.402361 2.57989e-07 0.40122
0.4 -0.456312 -3.50218e-08 0.449208
0.45 -0.558827 9.13328e-07 0.363145
0.5 -0.577508 1.11677e-06 0.367962
0.55 -0.589395 5.42945e-08 0.371758




#Jx ; chiral order(sum four directions) (infinite DMRG at j2=0.5 Ny=8)
0 0
0.05 -0.047564
0.09 -0.09243667
0.11   -0.1211951933053547
0.12   -0.13889667198828168
0.13   -0.16055244024648516
0.13999999999999999   -0.18751521282936792
0.14999999999999997   -0.21950625511360855
0.15999999999999998   -0.2584129014871298
0.16999999999999998   -0.30928789127364226
0.17999999999999997   -0.3766427085909672
0.18999999999999995   -0.4643139362467575
0.19999999999999996   -0.5714470838378753
0.20999999999999996   -0.6898628809458273
0.21999999999999995   -0.8081315131563427
0.22999999999999993   -0.9180654397459802
0.23999999999999994   -1.0149266102422976
0.24999999999999994   -1.0985778024696644
0.2599999999999999   -1.170758283615165
0.2699999999999999   -1.233711061677492
0.2799999999999999   -1.2823830387377448
0.2899999999999999   -1.3398848714889529
0.2999999999999999   -1.3861588703555292
0.3099999999999999   -1.436956685447372
0.3199999999999999   -1.49195942343608
0.3299999999999999   -1.5415966505382503
0.33999999999999986   -1.5879941577301067
0.34999999999999987   -1.6322492891990634
0.3599999999999999   -1.6760302313374917
0.3699999999999999   -1.7203010781669454
0.37999999999999984   -1.7662944689869995
0.38999999999999985   -1.8163461508405274
0.39999999999999986   -2.1951732285482737
0.4099999999999998   -2.2229328493104887
0.4199999999999998   -2.246003610235515
0.43   -2.261827116545847
0.44   -2.2769567237397492
0.45   -2.290417389371989
0.46   -2.3031045880193335
