# Ny ; S(0,PI) ; S(PI,0) ; S(PI,PI)
#
#
# j2=0.5, jx=0.19
4 4.96994 0.290796 5.71106
6 4.67415 0.502484 7.87884
8 4.11507 0.584048 10.7622
10 4.17083 0.489057 13.7483





# j2=0.5, jx=0.2
4 5.12755 0.312777 5.44431
6 5.15306 0.522131 7.03276
8 4.8627 0.590877 8.9861
10 5.16664 0.478899 10.9825





# j2=0.5, jx=0.21
4 5.28699 0.339986 5.17775
6 5.66052 0.55391 6.26312
8 5.75973 0.613608 7.44059
10 6.48536 0.486496 8.62577





# j2=0.5, jx=0.22
4 5.44545 0.37285 4.91449
6 6.17704 0.596932 5.58761
8 6.75465 0.647988 6.21349
10 8.07069 0.506719 6.86371




