-6.28319 -6.28319 0.0684504689010071
-6.28318530717959 -5.49778714378214 0.382810279702242
-6.28318530717959 -4.71238898038469 0.997808821521161
-6.28318530717959 -3.92699081698724 2.22200018336161
-6.28318530717959 -3.14159265358979 13.3097362957479
-6.28318530717959 -2.35619449019234 2.22200018336161
-6.28318530717959 -1.5707963267949 0.99780882152116
-6.28318530717959 -0.785398163397448 0.382810279702244
-6.28318530717959 0 0.0684504689010071
-6.28318530717959 0.785398163397448 0.382810279702243
-6.28318530717959 1.5707963267949 0.99780882152116
-6.28318530717959 2.35619449019234 2.22200018336161
-6.28318530717959 3.14159265358979 13.3097362957479
-6.28318530717959 3.92699081698724 2.22200018336161
-6.28318530717959 4.71238898038469 0.997808821521161
-6.28318530717959 5.49778714378214 0.382810279702242
-6.28318530717959 6.28318530717959 0.0684504689010071

-5.49778714378214 -6.28318530717959 0.192651343337073
-5.49778714378214 -5.49778714378214 0.485796195777565
-5.49778714378214 -4.71238898038469 1.16391044713759
-5.49778714378214 -3.92699081698724 2.40560791502295
-5.49778714378214 -3.14159265358979 6.96029112371242
-5.49778714378214 -2.35619449019234 2.40547797197353
-5.49778714378214 -1.5707963267949 1.16385300550713
-5.49778714378214 -0.785398163397448 0.485800768611402
-5.49778714378214 0 0.192651343337073
-5.49778714378214 0.785398163397448 0.485796195777567
-5.49778714378214 1.5707963267949 1.16391044713759
-5.49778714378214 2.35619449019234 2.40560791502295
-5.49778714378214 3.14159265358979 6.96029112371242
-5.49778714378214 3.92699081698724 2.40547797197352
-5.49778714378214 4.71238898038469 1.16385300550713
-5.49778714378214 5.49778714378214 0.485800768611399
-5.49778714378214 6.28318530717959 0.192651343337073

-4.71238898038469 -6.28318530717959 0.497809081843953
-4.71238898038469 -5.49778714378214 0.820676637030519
-4.71238898038469 -4.71238898038469 1.82180037974215
-4.71238898038469 -3.92699081698724 2.73691725636611
-4.71238898038469 -3.14159265358979 3.84142338412666
-4.71238898038469 -2.35619449019234 2.73672517850729
-4.71238898038469 -1.5707963267949 1.82171734013017
-4.71238898038469 -0.785398163397448 0.820743602389431
-4.71238898038469 0 0.497809081843953
-4.71238898038469 0.785398163397448 0.82067663703052
-4.71238898038469 1.5707963267949 1.82180037974215
-4.71238898038469 2.35619449019234 2.73691725636611
-4.71238898038469 3.14159265358979 3.84142338412666
-4.71238898038469 3.92699081698724 2.73672517850729
-4.71238898038469 4.71238898038469 1.82171734013017
-4.71238898038469 5.49778714378214 0.820743602389429
-4.71238898038469 6.28318530717959 0.497809081843953

-3.92699081698724 -6.28318530717959 0.973021540606597
-3.92699081698724 -5.49778714378214 1.33141586939969
-3.92699081698724 -4.71238898038469 2.13988178741144
-3.92699081698724 -3.92699081698724 2.447697295177
-3.92699081698724 -3.14159265358979 2.85745633682623
-3.92699081698724 -2.35619449019234 2.44796670712809
-3.92699081698724 -1.5707963267949 2.13969876832939
-3.92699081698724 -0.785398163397448 1.33101863027075
-3.92699081698724 0 0.973021540606596
-3.92699081698724 0.785398163397448 1.33141586939969
-3.92699081698724 1.5707963267949 2.13988178741144
-3.92699081698724 2.35619449019234 2.447697295177
-3.92699081698724 3.14159265358979 2.85745633682623
-3.92699081698724 3.92699081698724 2.44796670712809
-3.92699081698724 4.71238898038469 2.13969876832939
-3.92699081698724 5.49778714378214 1.33101863027075
-3.92699081698724 6.28318530717959 0.973021540606596

-3.14159265358979 -6.28318530717959 1.33328081418406
-3.14159265358979 -5.49778714378214 1.63934950464369
-3.14159265358979 -4.71238898038469 1.94766727840045
-3.14159265358979 -3.92699081698724 2.12920390883608
-3.14159265358979 -3.14159265358979 2.59213533550717
-3.14159265358979 -2.35619449019234 2.12920390883608
-3.14159265358979 -1.5707963267949 1.94766727840045
-3.14159265358979 -0.785398163397448 1.63934950464369
-3.14159265358979 0 1.33328081418406
-3.14159265358979 0.785398163397448 1.63934950464369
-3.14159265358979 1.5707963267949 1.94766727840045
-3.14159265358979 2.35619449019234 2.12920390883608
-3.14159265358979 3.14159265358979 2.59213533550717
-3.14159265358979 3.92699081698724 2.12920390883608
-3.14159265358979 4.71238898038469 1.94766727840045
-3.14159265358979 5.49778714378214 1.63934950464369
-3.14159265358979 6.28318530717959 1.33328081418406

-2.35619449019234 -6.28318530717959 0.973021540606595
-2.35619449019234 -5.49778714378214 1.33101863027075
-2.35619449019234 -4.71238898038469 2.13969876832939
-2.35619449019234 -3.92699081698724 2.44796670712809
-2.35619449019234 -3.14159265358979 2.85745633682623
-2.35619449019234 -2.35619449019234 2.44769729517701
-2.35619449019234 -1.5707963267949 2.13988178741144
-2.35619449019234 -0.785398163397448 1.33141586939969
-2.35619449019234 0 0.973021540606595
-2.35619449019234 0.785398163397448 1.33101863027075
-2.35619449019234 1.5707963267949 2.13969876832939
-2.35619449019234 2.35619449019234 2.44796670712809
-2.35619449019234 3.14159265358979 2.85745633682623
-2.35619449019234 3.92699081698724 2.447697295177
-2.35619449019234 4.71238898038469 2.13988178741144
-2.35619449019234 5.49778714378214 1.33141586939969
-2.35619449019234 6.28318530717959 0.973021540606596

-1.5707963267949 -6.28318530717959 0.497809081843953
-1.5707963267949 -5.49778714378214 0.820743602389431
-1.5707963267949 -4.71238898038469 1.82171734013017
-1.5707963267949 -3.92699081698724 2.73672517850729
-1.5707963267949 -3.14159265358979 3.84142338412666
-1.5707963267949 -2.35619449019234 2.73691725636611
-1.5707963267949 -1.5707963267949 1.82180037974215
-1.5707963267949 -0.785398163397448 0.820676637030519
-1.5707963267949 0 0.497809081843953
-1.5707963267949 0.785398163397448 0.820743602389431
-1.5707963267949 1.5707963267949 1.82171734013017
-1.5707963267949 2.35619449019234 2.73672517850729
-1.5707963267949 3.14159265358979 3.84142338412666
-1.5707963267949 3.92699081698724 2.73691725636611
-1.5707963267949 4.71238898038469 1.82180037974215
-1.5707963267949 5.49778714378214 0.820676637030519
-1.5707963267949 6.28318530717959 0.497809081843953

-0.785398163397448 -6.28318530717959 0.192651343337073
-0.785398163397448 -5.49778714378214 0.485800768611399
-0.785398163397448 -4.71238898038469 1.16385300550713
-0.785398163397448 -3.92699081698724 2.40547797197352
-0.785398163397448 -3.14159265358979 6.96029112371242
-0.785398163397448 -2.35619449019234 2.40560791502295
-0.785398163397448 -1.5707963267949 1.16391044713759
-0.785398163397448 -0.785398163397448 0.485796195777566
-0.785398163397448 0 0.192651343337074
-0.785398163397448 0.785398163397448 0.485800768611401
-0.785398163397448 1.5707963267949 1.16385300550713
-0.785398163397448 2.35619449019234 2.40547797197353
-0.785398163397448 3.14159265358979 6.96029112371242
-0.785398163397448 3.92699081698724 2.40560791502295
-0.785398163397448 4.71238898038469 1.16391044713759
-0.785398163397448 5.49778714378214 0.485796195777564
-0.785398163397448 6.28318530717959 0.192651343337073

0 -6.28318530717959 0.0684504689010071
0 -5.49778714378214 0.382810279702242
0 -4.71238898038469 0.997808821521161
0 -3.92699081698724 2.22200018336161
0 -3.14159265358979 13.3097362957479
0 -2.35619449019234 2.22200018336161
0 -1.5707963267949 0.99780882152116
0 -0.785398163397448 0.382810279702244
0 0 0.0684504689010071
0 0.785398163397448 0.382810279702244
0 1.5707963267949 0.99780882152116
0 2.35619449019234 2.22200018336161
0 3.14159265358979 13.3097362957479
0 3.92699081698724 2.22200018336161
0 4.71238898038469 0.997808821521161
0 5.49778714378214 0.382810279702242
0 6.28318530717959 0.0684504689010071

0.785398163397448 -6.28318530717959 0.192651343337073
0.785398163397448 -5.49778714378214 0.485796195777564
0.785398163397448 -4.71238898038469 1.16391044713759
0.785398163397448 -3.92699081698724 2.40560791502295
0.785398163397448 -3.14159265358979 6.96029112371242
0.785398163397448 -2.35619449019234 2.40547797197353
0.785398163397448 -1.5707963267949 1.16385300550713
0.785398163397448 -0.785398163397448 0.485800768611401
0.785398163397448 0 0.192651343337074
0.785398163397448 0.785398163397448 0.485796195777566
0.785398163397448 1.5707963267949 1.16391044713759
0.785398163397448 2.35619449019234 2.40560791502295
0.785398163397448 3.14159265358979 6.96029112371242
0.785398163397448 3.92699081698724 2.40547797197352
0.785398163397448 4.71238898038469 1.16385300550713
0.785398163397448 5.49778714378214 0.485800768611399
0.785398163397448 6.28318530717959 0.192651343337073

1.5707963267949 -6.28318530717959 0.497809081843953
1.5707963267949 -5.49778714378214 0.820676637030519
1.5707963267949 -4.71238898038469 1.82180037974215
1.5707963267949 -3.92699081698724 2.73691725636611
1.5707963267949 -3.14159265358979 3.84142338412666
1.5707963267949 -2.35619449019234 2.73672517850729
1.5707963267949 -1.5707963267949 1.82171734013017
1.5707963267949 -0.785398163397448 0.820743602389431
1.5707963267949 0 0.497809081843953
1.5707963267949 0.785398163397448 0.820676637030519
1.5707963267949 1.5707963267949 1.82180037974215
1.5707963267949 2.35619449019234 2.73691725636611
1.5707963267949 3.14159265358979 3.84142338412666
1.5707963267949 3.92699081698724 2.73672517850729
1.5707963267949 4.71238898038469 1.82171734013017
1.5707963267949 5.49778714378214 0.820743602389431
1.5707963267949 6.28318530717959 0.497809081843953

2.35619449019234 -6.28318530717959 0.973021540606596
2.35619449019234 -5.49778714378214 1.33141586939969
2.35619449019234 -4.71238898038469 2.13988178741144
2.35619449019234 -3.92699081698724 2.447697295177
2.35619449019234 -3.14159265358979 2.85745633682623
2.35619449019234 -2.35619449019234 2.44796670712809
2.35619449019234 -1.5707963267949 2.13969876832939
2.35619449019234 -0.785398163397448 1.33101863027075
2.35619449019234 0 0.973021540606595
2.35619449019234 0.785398163397448 1.33141586939969
2.35619449019234 1.5707963267949 2.13988178741144
2.35619449019234 2.35619449019234 2.44769729517701
2.35619449019234 3.14159265358979 2.85745633682623
2.35619449019234 3.92699081698724 2.44796670712809
2.35619449019234 4.71238898038469 2.13969876832939
2.35619449019234 5.49778714378214 1.33101863027075
2.35619449019234 6.28318530717959 0.973021540606595

3.14159265358979 -6.28318530717959 1.33328081418406
3.14159265358979 -5.49778714378214 1.63934950464369
3.14159265358979 -4.71238898038469 1.94766727840045
3.14159265358979 -3.92699081698724 2.12920390883608
3.14159265358979 -3.14159265358979 2.59213533550717
3.14159265358979 -2.35619449019234 2.12920390883608
3.14159265358979 -1.5707963267949 1.94766727840045
3.14159265358979 -0.785398163397448 1.63934950464369
3.14159265358979 0 1.33328081418406
3.14159265358979 0.785398163397448 1.63934950464369
3.14159265358979 1.5707963267949 1.94766727840045
3.14159265358979 2.35619449019234 2.12920390883608
3.14159265358979 3.14159265358979 2.59213533550717
3.14159265358979 3.92699081698724 2.12920390883608
3.14159265358979 4.71238898038469 1.94766727840045
3.14159265358979 5.49778714378214 1.63934950464369
3.14159265358979 6.28318530717959 1.33328081418406

3.92699081698724 -6.28318530717959 0.973021540606596
3.92699081698724 -5.49778714378214 1.33101863027075
3.92699081698724 -4.71238898038469 2.13969876832939
3.92699081698724 -3.92699081698724 2.44796670712809
3.92699081698724 -3.14159265358979 2.85745633682623
3.92699081698724 -2.35619449019234 2.447697295177
3.92699081698724 -1.5707963267949 2.13988178741144
3.92699081698724 -0.785398163397448 1.33141586939969
3.92699081698724 0 0.973021540606596
3.92699081698724 0.785398163397448 1.33101863027075
3.92699081698724 1.5707963267949 2.13969876832939
3.92699081698724 2.35619449019234 2.44796670712809
3.92699081698724 3.14159265358979 2.85745633682623
3.92699081698724 3.92699081698724 2.447697295177
3.92699081698724 4.71238898038469 2.13988178741144
3.92699081698724 5.49778714378214 1.33141586939969
3.92699081698724 6.28318530717959 0.973021540606597

4.71238898038469 -6.28318530717959 0.497809081843953
4.71238898038469 -5.49778714378214 0.820743602389429
4.71238898038469 -4.71238898038469 1.82171734013017
4.71238898038469 -3.92699081698724 2.73672517850729
4.71238898038469 -3.14159265358979 3.84142338412666
4.71238898038469 -2.35619449019234 2.73691725636611
4.71238898038469 -1.5707963267949 1.82180037974215
4.71238898038469 -0.785398163397448 0.82067663703052
4.71238898038469 0 0.497809081843953
4.71238898038469 0.785398163397448 0.820743602389431
4.71238898038469 1.5707963267949 1.82171734013017
4.71238898038469 2.35619449019234 2.73672517850729
4.71238898038469 3.14159265358979 3.84142338412666
4.71238898038469 3.92699081698724 2.73691725636611
4.71238898038469 4.71238898038469 1.82180037974215
4.71238898038469 5.49778714378214 0.820676637030519
4.71238898038469 6.28318530717959 0.497809081843953

5.49778714378214 -6.28318530717959 0.192651343337073
5.49778714378214 -5.49778714378214 0.485800768611399
5.49778714378214 -4.71238898038469 1.16385300550713
5.49778714378214 -3.92699081698724 2.40547797197352
5.49778714378214 -3.14159265358979 6.96029112371242
5.49778714378214 -2.35619449019234 2.40560791502295
5.49778714378214 -1.5707963267949 1.16391044713759
5.49778714378214 -0.785398163397448 0.485796195777567
5.49778714378214 0 0.192651343337073
5.49778714378214 0.785398163397448 0.485800768611402
5.49778714378214 1.5707963267949 1.16385300550713
5.49778714378214 2.35619449019234 2.40547797197353
5.49778714378214 3.14159265358979 6.96029112371242
5.49778714378214 3.92699081698724 2.40560791502295
5.49778714378214 4.71238898038469 1.16391044713759
5.49778714378214 5.49778714378214 0.485796195777565
5.49778714378214 6.28318530717959 0.192651343337073

6.28318530717959 -6.28318530717959 0.0684504689010071
6.28318530717959 -5.49778714378214 0.382810279702242
6.28318530717959 -4.71238898038469 0.997808821521161
6.28318530717959 -3.92699081698724 2.22200018336161
6.28318530717959 -3.14159265358979 13.3097362957479
6.28318530717959 -2.35619449019234 2.22200018336161
6.28318530717959 -1.5707963267949 0.99780882152116
6.28318530717959 -0.785398163397448 0.382810279702243
6.28318530717959 0 0.0684504689010071
6.28318530717959 0.785398163397448 0.382810279702244
6.28318530717959 1.5707963267949 0.99780882152116
6.28318530717959 2.35619449019234 2.22200018336161
6.28318530717959 3.14159265358979 13.3097362957479
6.28318530717959 3.92699081698724 2.22200018336161
6.28318530717959 4.71238898038469 0.997808821521161
6.28318530717959 5.49778714378214 0.382810279702242
6.28318530717959 6.28318530717959 0.0684504689010071

