-6.28319 -6.28319 0.0499751911562861
-6.28318530717959 -5.49778714378214 0.210919690943725
-6.28318530717959 -4.71238898038469 0.504089262031196
-6.28318530717959 -3.92699081698724 1.01334622136458
-6.28318530717959 -3.14159265358979 1.91608036256595
-6.28318530717959 -2.35619449019234 1.01334622136458
-6.28318530717959 -1.5707963267949 0.504089262031196
-6.28318530717959 -0.785398163397448 0.210919690943725
-6.28318530717959 0 0.0499751911562861
-6.28318530717959 0.785398163397448 0.210919690943725
-6.28318530717959 1.5707963267949 0.504089262031196
-6.28318530717959 2.35619449019234 1.01334622136458
-6.28318530717959 3.14159265358979 1.91608036256595
-6.28318530717959 3.92699081698724 1.01334622136458
-6.28318530717959 4.71238898038469 0.504089262031196
-6.28318530717959 5.49778714378214 0.210919690943726
-6.28318530717959 6.28318530717959 0.0499751911562861

-5.49778714378214 -6.28318530717959 0.143536440972462
-5.49778714378214 -5.49778714378214 0.311830016084729
-5.49778714378214 -4.71238898038469 0.664393768637058
-5.49778714378214 -3.92699081698724 1.30399765692529
-5.49778714378214 -3.14159265358979 2.44509130219462
-5.49778714378214 -2.35619449019234 1.30390352637963
-5.49778714378214 -1.5707963267949 0.664359092752086
-5.49778714378214 -0.785398163397448 0.311845981698281
-5.49778714378214 0 0.143536440972462
-5.49778714378214 0.785398163397448 0.311830016084731
-5.49778714378214 1.5707963267949 0.664393768637057
-5.49778714378214 2.35619449019234 1.30399765692529
-5.49778714378214 3.14159265358979 2.44509130219462
-5.49778714378214 3.92699081698724 1.30390352637963
-5.49778714378214 4.71238898038469 0.664359092752086
-5.49778714378214 5.49778714378214 0.311845981698279
-5.49778714378214 6.28318530717959 0.143536440972463

-4.71238898038469 -6.28318530717959 0.337423535889305
-4.71238898038469 -5.49778714378214 0.572436009895904
-4.71238898038469 -4.71238898038469 1.10496496052016
-4.71238898038469 -3.92699081698724 2.11203448256137
-4.71238898038469 -3.14159265358979 4.00235295426018
-4.71238898038469 -2.35619449019234 2.1121404814556
-4.71238898038469 -1.5707963267949 1.10501221808
-4.71238898038469 -0.785398163397448 0.572423892663717
-4.71238898038469 0 0.337423535889305
-4.71238898038469 0.785398163397448 0.572436009895903
-4.71238898038469 1.5707963267949 1.10496496052016
-4.71238898038469 2.35619449019234 2.11203448256137
-4.71238898038469 3.14159265358979 4.00235295426018
-4.71238898038469 3.92699081698724 2.1121404814556
-4.71238898038469 4.71238898038469 1.10501221808
-4.71238898038469 5.49778714378214 0.572423892663718
-4.71238898038469 6.28318530717959 0.337423535889306

-3.92699081698724 -6.28318530717959 0.614855673663409
-3.92699081698724 -5.49778714378214 1.00877267907427
-3.92699081698724 -4.71238898038469 1.89742783691529
-3.92699081698724 -3.92699081698724 3.60437213533823
-3.92699081698724 -3.14159265358979 7.87662529982029
-3.92699081698724 -2.35619449019234 3.60441404000506
-3.92699081698724 -1.5707963267949 1.89754953191457
-3.92699081698724 -0.785398163397448 1.00880161775622
-3.92699081698724 0 0.614855673663408
-3.92699081698724 0.785398163397448 1.00877267907427
-3.92699081698724 1.5707963267949 1.89742783691529
-3.92699081698724 2.35619449019234 3.60437213533823
-3.92699081698724 3.14159265358979 7.87662529982029
-3.92699081698724 3.92699081698724 3.60441404000506
-3.92699081698724 4.71238898038469 1.89754953191457
-3.92699081698724 5.49778714378214 1.00880161775622
-3.92699081698724 6.28318530717959 0.614855673663409

-3.14159265358979 -6.28318530717959 0.820394429717787
-3.14159265358979 -5.49778714378214 1.38525945174776
-3.14159265358979 -4.71238898038469 2.62593251761511
-3.14159265358979 -3.92699081698724 5.05345685031236
-3.14159265358979 -3.14159265358979 22.4664117576158
-3.14159265358979 -2.35619449019234 5.05345685031236
-3.14159265358979 -1.5707963267949 2.62593251761511
-3.14159265358979 -0.785398163397448 1.38525945174777
-3.14159265358979 0 0.820394429717787
-3.14159265358979 0.785398163397448 1.38525945174777
-3.14159265358979 1.5707963267949 2.62593251761511
-3.14159265358979 2.35619449019234 5.05345685031236
-3.14159265358979 3.14159265358979 22.4664117576158
-3.14159265358979 3.92699081698724 5.05345685031236
-3.14159265358979 4.71238898038469 2.62593251761511
-3.14159265358979 5.49778714378214 1.38525945174776
-3.14159265358979 6.28318530717959 0.820394429717787

-2.35619449019234 -6.28318530717959 0.614855673663409
-2.35619449019234 -5.49778714378214 1.00880161775621
-2.35619449019234 -4.71238898038469 1.89754953191457
-2.35619449019234 -3.92699081698724 3.60441404000506
-2.35619449019234 -3.14159265358979 7.87662529982029
-2.35619449019234 -2.35619449019234 3.60437213533823
-2.35619449019234 -1.5707963267949 1.89742783691529
-2.35619449019234 -0.785398163397448 1.00877267907427
-2.35619449019234 0 0.614855673663409
-2.35619449019234 0.785398163397448 1.00880161775622
-2.35619449019234 1.5707963267949 1.89754953191457
-2.35619449019234 2.35619449019234 3.60441404000506
-2.35619449019234 3.14159265358979 7.87662529982029
-2.35619449019234 3.92699081698724 3.60437213533823
-2.35619449019234 4.71238898038469 1.89742783691529
-2.35619449019234 5.49778714378214 1.00877267907427
-2.35619449019234 6.28318530717959 0.614855673663408

-1.5707963267949 -6.28318530717959 0.337423535889304
-1.5707963267949 -5.49778714378214 0.572423892663718
-1.5707963267949 -4.71238898038469 1.10501221808
-1.5707963267949 -3.92699081698724 2.1121404814556
-1.5707963267949 -3.14159265358979 4.00235295426018
-1.5707963267949 -2.35619449019234 2.11203448256137
-1.5707963267949 -1.5707963267949 1.10496496052016
-1.5707963267949 -0.785398163397448 0.572436009895904
-1.5707963267949 0 0.337423535889305
-1.5707963267949 0.785398163397448 0.572423892663717
-1.5707963267949 1.5707963267949 1.10501221808
-1.5707963267949 2.35619449019234 2.1121404814556
-1.5707963267949 3.14159265358979 4.00235295426018
-1.5707963267949 3.92699081698724 2.11203448256137
-1.5707963267949 4.71238898038469 1.10496496052016
-1.5707963267949 5.49778714378214 0.572436009895905
-1.5707963267949 6.28318530717959 0.337423535889304

-0.785398163397448 -6.28318530717959 0.143536440972463
-0.785398163397448 -5.49778714378214 0.311845981698281
-0.785398163397448 -4.71238898038469 0.664359092752084
-0.785398163397448 -3.92699081698724 1.30390352637963
-0.785398163397448 -3.14159265358979 2.44509130219462
-0.785398163397448 -2.35619449019234 1.30399765692529
-0.785398163397448 -1.5707963267949 0.664393768637056
-0.785398163397448 -0.785398163397448 0.311830016084731
-0.785398163397448 0 0.143536440972462
-0.785398163397448 0.785398163397448 0.311845981698281
-0.785398163397448 1.5707963267949 0.664359092752084
-0.785398163397448 2.35619449019234 1.30390352637963
-0.785398163397448 3.14159265358979 2.44509130219462
-0.785398163397448 3.92699081698724 1.30399765692529
-0.785398163397448 4.71238898038469 0.664393768637055
-0.785398163397448 5.49778714378214 0.311830016084731
-0.785398163397448 6.28318530717959 0.143536440972463

0 -6.28318530717959 0.0499751911562861
0 -5.49778714378214 0.210919690943724
0 -4.71238898038469 0.504089262031195
0 -3.92699081698724 1.01334622136458
0 -3.14159265358979 1.91608036256595
0 -2.35619449019234 1.01334622136458
0 -1.5707963267949 0.504089262031196
0 -0.785398163397448 0.210919690943724
0 0 0.0499751911562861
0 0.785398163397448 0.210919690943724
0 1.5707963267949 0.504089262031196
0 2.35619449019234 1.01334622136458
0 3.14159265358979 1.91608036256595
0 3.92699081698724 1.01334622136458
0 4.71238898038469 0.504089262031195
0 5.49778714378214 0.210919690943724
0 6.28318530717959 0.0499751911562861

0.785398163397448 -6.28318530717959 0.143536440972463
0.785398163397448 -5.49778714378214 0.311830016084731
0.785398163397448 -4.71238898038469 0.664393768637055
0.785398163397448 -3.92699081698724 1.30399765692529
0.785398163397448 -3.14159265358979 2.44509130219462
0.785398163397448 -2.35619449019234 1.30390352637963
0.785398163397448 -1.5707963267949 0.664359092752084
0.785398163397448 -0.785398163397448 0.311845981698281
0.785398163397448 0 0.143536440972462
0.785398163397448 0.785398163397448 0.311830016084731
0.785398163397448 1.5707963267949 0.664393768637056
0.785398163397448 2.35619449019234 1.30399765692529
0.785398163397448 3.14159265358979 2.44509130219462
0.785398163397448 3.92699081698724 1.30390352637963
0.785398163397448 4.71238898038469 0.664359092752084
0.785398163397448 5.49778714378214 0.311845981698281
0.785398163397448 6.28318530717959 0.143536440972463

1.5707963267949 -6.28318530717959 0.337423535889304
1.5707963267949 -5.49778714378214 0.572436009895905
1.5707963267949 -4.71238898038469 1.10496496052016
1.5707963267949 -3.92699081698724 2.11203448256137
1.5707963267949 -3.14159265358979 4.00235295426018
1.5707963267949 -2.35619449019234 2.1121404814556
1.5707963267949 -1.5707963267949 1.10501221808
1.5707963267949 -0.785398163397448 0.572423892663717
1.5707963267949 0 0.337423535889305
1.5707963267949 0.785398163397448 0.572436009895904
1.5707963267949 1.5707963267949 1.10496496052016
1.5707963267949 2.35619449019234 2.11203448256137
1.5707963267949 3.14159265358979 4.00235295426018
1.5707963267949 3.92699081698724 2.1121404814556
1.5707963267949 4.71238898038469 1.10501221808
1.5707963267949 5.49778714378214 0.572423892663718
1.5707963267949 6.28318530717959 0.337423535889304

2.35619449019234 -6.28318530717959 0.614855673663408
2.35619449019234 -5.49778714378214 1.00877267907427
2.35619449019234 -4.71238898038469 1.89742783691529
2.35619449019234 -3.92699081698724 3.60437213533823
2.35619449019234 -3.14159265358979 7.87662529982029
2.35619449019234 -2.35619449019234 3.60441404000506
2.35619449019234 -1.5707963267949 1.89754953191457
2.35619449019234 -0.785398163397448 1.00880161775622
2.35619449019234 0 0.614855673663409
2.35619449019234 0.785398163397448 1.00877267907427
2.35619449019234 1.5707963267949 1.89742783691529
2.35619449019234 2.35619449019234 3.60437213533823
2.35619449019234 3.14159265358979 7.87662529982029
2.35619449019234 3.92699081698724 3.60441404000506
2.35619449019234 4.71238898038469 1.89754953191457
2.35619449019234 5.49778714378214 1.00880161775621
2.35619449019234 6.28318530717959 0.614855673663409

3.14159265358979 -6.28318530717959 0.820394429717787
3.14159265358979 -5.49778714378214 1.38525945174776
3.14159265358979 -4.71238898038469 2.62593251761511
3.14159265358979 -3.92699081698724 5.05345685031236
3.14159265358979 -3.14159265358979 22.4664117576158
3.14159265358979 -2.35619449019234 5.05345685031236
3.14159265358979 -1.5707963267949 2.62593251761511
3.14159265358979 -0.785398163397448 1.38525945174777
3.14159265358979 0 0.820394429717787
3.14159265358979 0.785398163397448 1.38525945174777
3.14159265358979 1.5707963267949 2.62593251761511
3.14159265358979 2.35619449019234 5.05345685031236
3.14159265358979 3.14159265358979 22.4664117576158
3.14159265358979 3.92699081698724 5.05345685031236
3.14159265358979 4.71238898038469 2.62593251761511
3.14159265358979 5.49778714378214 1.38525945174776
3.14159265358979 6.28318530717959 0.820394429717787

3.92699081698724 -6.28318530717959 0.614855673663409
3.92699081698724 -5.49778714378214 1.00880161775622
3.92699081698724 -4.71238898038469 1.89754953191457
3.92699081698724 -3.92699081698724 3.60441404000506
3.92699081698724 -3.14159265358979 7.87662529982029
3.92699081698724 -2.35619449019234 3.60437213533823
3.92699081698724 -1.5707963267949 1.89742783691529
3.92699081698724 -0.785398163397448 1.00877267907427
3.92699081698724 0 0.614855673663408
3.92699081698724 0.785398163397448 1.00880161775622
3.92699081698724 1.5707963267949 1.89754953191457
3.92699081698724 2.35619449019234 3.60441404000506
3.92699081698724 3.14159265358979 7.87662529982029
3.92699081698724 3.92699081698724 3.60437213533823
3.92699081698724 4.71238898038469 1.89742783691529
3.92699081698724 5.49778714378214 1.00877267907427
3.92699081698724 6.28318530717959 0.614855673663409

4.71238898038469 -6.28318530717959 0.337423535889306
4.71238898038469 -5.49778714378214 0.572423892663718
4.71238898038469 -4.71238898038469 1.10501221808
4.71238898038469 -3.92699081698724 2.1121404814556
4.71238898038469 -3.14159265358979 4.00235295426018
4.71238898038469 -2.35619449019234 2.11203448256137
4.71238898038469 -1.5707963267949 1.10496496052016
4.71238898038469 -0.785398163397448 0.572436009895903
4.71238898038469 0 0.337423535889305
4.71238898038469 0.785398163397448 0.572423892663717
4.71238898038469 1.5707963267949 1.10501221808
4.71238898038469 2.35619449019234 2.1121404814556
4.71238898038469 3.14159265358979 4.00235295426018
4.71238898038469 3.92699081698724 2.11203448256137
4.71238898038469 4.71238898038469 1.10496496052016
4.71238898038469 5.49778714378214 0.572436009895904
4.71238898038469 6.28318530717959 0.337423535889305

5.49778714378214 -6.28318530717959 0.143536440972463
5.49778714378214 -5.49778714378214 0.311845981698279
5.49778714378214 -4.71238898038469 0.664359092752086
5.49778714378214 -3.92699081698724 1.30390352637963
5.49778714378214 -3.14159265358979 2.44509130219462
5.49778714378214 -2.35619449019234 1.30399765692529
5.49778714378214 -1.5707963267949 0.664393768637057
5.49778714378214 -0.785398163397448 0.311830016084731
5.49778714378214 0 0.143536440972462
5.49778714378214 0.785398163397448 0.311845981698281
5.49778714378214 1.5707963267949 0.664359092752086
5.49778714378214 2.35619449019234 1.30390352637963
5.49778714378214 3.14159265358979 2.44509130219462
5.49778714378214 3.92699081698724 1.30399765692529
5.49778714378214 4.71238898038469 0.664393768637058
5.49778714378214 5.49778714378214 0.311830016084729
5.49778714378214 6.28318530717959 0.143536440972462

6.28318530717959 -6.28318530717959 0.0499751911562861
6.28318530717959 -5.49778714378214 0.210919690943726
6.28318530717959 -4.71238898038469 0.504089262031196
6.28318530717959 -3.92699081698724 1.01334622136458
6.28318530717959 -3.14159265358979 1.91608036256595
6.28318530717959 -2.35619449019234 1.01334622136458
6.28318530717959 -1.5707963267949 0.504089262031196
6.28318530717959 -0.785398163397448 0.210919690943725
6.28318530717959 0 0.0499751911562861
6.28318530717959 0.785398163397448 0.210919690943725
6.28318530717959 1.5707963267949 0.504089262031196
6.28318530717959 2.35619449019234 1.01334622136458
6.28318530717959 3.14159265358979 1.91608036256595
6.28318530717959 3.92699081698724 1.01334622136458
6.28318530717959 4.71238898038469 0.504089262031196
6.28318530717959 5.49778714378214 0.210919690943725
6.28318530717959 6.28318530717959 0.0499751911562861

