-6.28319 -6.28319 0.16672663475304
-6.28318530717959 -5.49778714378214 0.42112803867356
-6.28318530717959 -4.71238898038469 0.994045202316879
-6.28318530717959 -3.92699081698724 1.81546532264931
-6.28318530717959 -3.14159265358979 11.5372839595166
-6.28318530717959 -2.35619449019234 1.81546532264931
-6.28318530717959 -1.5707963267949 0.994045202316878
-6.28318530717959 -0.785398163397448 0.421128038673562
-6.28318530717959 0 0.16672663475304
-6.28318530717959 0.785398163397448 0.421128038673561
-6.28318530717959 1.5707963267949 0.994045202316878
-6.28318530717959 2.35619449019234 1.81546532264931
-6.28318530717959 3.14159265358979 11.5372839595166
-6.28318530717959 3.92699081698724 1.81546532264931
-6.28318530717959 4.71238898038469 0.994045202316879
-6.28318530717959 5.49778714378214 0.42112803867356
-6.28318530717959 6.28318530717959 0.16672663475304

-5.49778714378214 -6.28318530717959 0.417336878495791
-5.49778714378214 -5.49778714378214 0.584072302209712
-5.49778714378214 -4.71238898038469 1.27731421814162
-5.49778714378214 -3.92699081698724 1.83649864237649
-5.49778714378214 -3.14159265358979 2.65328729294995
-5.49778714378214 -2.35619449019234 1.83583566124516
-5.49778714378214 -1.5707963267949 1.27671648584545
-5.49778714378214 -0.785398163397448 0.583906874024297
-5.49778714378214 0 0.417336878495793
-5.49778714378214 0.785398163397448 0.584072302209713
-5.49778714378214 1.5707963267949 1.27731421814162
-5.49778714378214 2.35619449019234 1.83649864237649
-5.49778714378214 3.14159265358979 2.65328729294996
-5.49778714378214 3.92699081698724 1.83583566124516
-5.49778714378214 4.71238898038469 1.27671648584545
-5.49778714378214 5.49778714378214 0.583906874024297
-5.49778714378214 6.28318530717959 0.41733687849579

-4.71238898038469 -6.28318530717959 0.932491049379632
-4.71238898038469 -5.49778714378214 1.0656415883974
-4.71238898038469 -4.71238898038469 5.22830932309006
-4.71238898038469 -3.92699081698724 1.81220018777181
-4.71238898038469 -3.14159265358979 1.84641924927795
-4.71238898038469 -2.35619449019234 1.81184626944405
-4.71238898038469 -1.5707963267949 5.23246465462961
-4.71238898038469 -0.785398163397448 1.06564922821022
-4.71238898038469 0 0.93249104937963
-4.71238898038469 0.785398163397448 1.0656415883974
-4.71238898038469 1.5707963267949 5.22830932309006
-4.71238898038469 2.35619449019234 1.81220018777181
-4.71238898038469 3.14159265358979 1.84641924927795
-4.71238898038469 3.92699081698724 1.81184626944405
-4.71238898038469 4.71238898038469 5.23246465462961
-4.71238898038469 5.49778714378214 1.06564922821021
-4.71238898038469 6.28318530717959 0.932491049379631

-3.92699081698724 -6.28318530717959 1.97249841318293
-3.92699081698724 -5.49778714378214 1.72607960809722
-3.92699081698724 -4.71238898038469 1.99403263202251
-3.92699081698724 -3.92699081698724 1.62217252810696
-3.92699081698724 -3.14159265358979 1.55258236237505
-3.92699081698724 -2.35619449019234 1.62239352516849
-3.92699081698724 -1.5707963267949 1.99305271647348
-3.92699081698724 -0.785398163397448 1.72507885475798
-3.92699081698724 0 1.97249841318293
-3.92699081698724 0.785398163397448 1.72607960809722
-3.92699081698724 1.5707963267949 1.99403263202251
-3.92699081698724 2.35619449019234 1.62217252810696
-3.92699081698724 3.14159265358979 1.55258236237505
-3.92699081698724 3.92699081698724 1.62239352516849
-3.92699081698724 4.71238898038469 1.99305271647348
-3.92699081698724 5.49778714378214 1.72507885475798
-3.92699081698724 6.28318530717959 1.97249841318293

-3.14159265358979 -6.28318530717959 10.3011083578873
-3.14159265358979 -5.49778714378214 2.09313025533054
-3.14159265358979 -4.71238898038469 1.76821320662836
-3.14159265358979 -3.92699081698724 1.50560721872649
-3.14159265358979 -3.14159265358979 1.46394146784679
-3.14159265358979 -2.35619449019234 1.50560721872649
-3.14159265358979 -1.5707963267949 1.76821320662836
-3.14159265358979 -0.785398163397448 2.09313025533054
-3.14159265358979 0 10.3011083578873
-3.14159265358979 0.785398163397448 2.09313025533054
-3.14159265358979 1.5707963267949 1.76821320662836
-3.14159265358979 2.35619449019234 1.50560721872649
-3.14159265358979 3.14159265358979 1.46394146784679
-3.14159265358979 3.92699081698724 1.50560721872649
-3.14159265358979 4.71238898038469 1.76821320662836
-3.14159265358979 5.49778714378214 2.09313025533054
-3.14159265358979 6.28318530717959 10.3011083578873

-2.35619449019234 -6.28318530717959 1.97249841318293
-2.35619449019234 -5.49778714378214 1.72507885475798
-2.35619449019234 -4.71238898038469 1.99305271647348
-2.35619449019234 -3.92699081698724 1.62239352516849
-2.35619449019234 -3.14159265358979 1.55258236237506
-2.35619449019234 -2.35619449019234 1.62217252810696
-2.35619449019234 -1.5707963267949 1.99403263202251
-2.35619449019234 -0.785398163397448 1.72607960809722
-2.35619449019234 0 1.97249841318293
-2.35619449019234 0.785398163397448 1.72507885475798
-2.35619449019234 1.5707963267949 1.99305271647348
-2.35619449019234 2.35619449019234 1.62239352516849
-2.35619449019234 3.14159265358979 1.55258236237506
-2.35619449019234 3.92699081698724 1.62217252810696
-2.35619449019234 4.71238898038469 1.99403263202251
-2.35619449019234 5.49778714378214 1.72607960809722
-2.35619449019234 6.28318530717959 1.97249841318293

-1.5707963267949 -6.28318530717959 0.932491049379631
-1.5707963267949 -5.49778714378214 1.06564922821022
-1.5707963267949 -4.71238898038469 5.23246465462961
-1.5707963267949 -3.92699081698724 1.81184626944405
-1.5707963267949 -3.14159265358979 1.84641924927795
-1.5707963267949 -2.35619449019234 1.81220018777181
-1.5707963267949 -1.5707963267949 5.22830932309006
-1.5707963267949 -0.785398163397448 1.0656415883974
-1.5707963267949 0 0.93249104937963
-1.5707963267949 0.785398163397448 1.06564922821022
-1.5707963267949 1.5707963267949 5.23246465462961
-1.5707963267949 2.35619449019234 1.81184626944405
-1.5707963267949 3.14159265358979 1.84641924927795
-1.5707963267949 3.92699081698724 1.81220018777181
-1.5707963267949 4.71238898038469 5.22830932309006
-1.5707963267949 5.49778714378214 1.0656415883974
-1.5707963267949 6.28318530717959 0.93249104937963

-0.785398163397448 -6.28318530717959 0.417336878495792
-0.785398163397448 -5.49778714378214 0.583906874024296
-0.785398163397448 -4.71238898038469 1.27671648584546
-0.785398163397448 -3.92699081698724 1.83583566124516
-0.785398163397448 -3.14159265358979 2.65328729294995
-0.785398163397448 -2.35619449019234 1.83649864237649
-0.785398163397448 -1.5707963267949 1.27731421814162
-0.785398163397448 -0.785398163397448 0.584072302209713
-0.785398163397448 0 0.417336878495794
-0.785398163397448 0.785398163397448 0.583906874024297
-0.785398163397448 1.5707963267949 1.27671648584546
-0.785398163397448 2.35619449019234 1.83583566124516
-0.785398163397448 3.14159265358979 2.65328729294995
-0.785398163397448 3.92699081698724 1.83649864237649
-0.785398163397448 4.71238898038469 1.27731421814162
-0.785398163397448 5.49778714378214 0.584072302209712
-0.785398163397448 6.28318530717959 0.417336878495792

0 -6.28318530717959 0.16672663475304
0 -5.49778714378214 0.421128038673561
0 -4.71238898038469 0.994045202316878
0 -3.92699081698724 1.81546532264931
0 -3.14159265358979 11.5372839595166
0 -2.35619449019234 1.81546532264931
0 -1.5707963267949 0.994045202316877
0 -0.785398163397448 0.421128038673563
0 0 0.16672663475304
0 0.785398163397448 0.421128038673563
0 1.5707963267949 0.994045202316877
0 2.35619449019234 1.81546532264931
0 3.14159265358979 11.5372839595166
0 3.92699081698724 1.81546532264931
0 4.71238898038469 0.994045202316878
0 5.49778714378214 0.421128038673561
0 6.28318530717959 0.16672663475304

0.785398163397448 -6.28318530717959 0.417336878495792
0.785398163397448 -5.49778714378214 0.584072302209712
0.785398163397448 -4.71238898038469 1.27731421814162
0.785398163397448 -3.92699081698724 1.83649864237649
0.785398163397448 -3.14159265358979 2.65328729294995
0.785398163397448 -2.35619449019234 1.83583566124516
0.785398163397448 -1.5707963267949 1.27671648584546
0.785398163397448 -0.785398163397448 0.583906874024297
0.785398163397448 0 0.417336878495794
0.785398163397448 0.785398163397448 0.584072302209713
0.785398163397448 1.5707963267949 1.27731421814162
0.785398163397448 2.35619449019234 1.83649864237649
0.785398163397448 3.14159265358979 2.65328729294995
0.785398163397448 3.92699081698724 1.83583566124516
0.785398163397448 4.71238898038469 1.27671648584546
0.785398163397448 5.49778714378214 0.583906874024296
0.785398163397448 6.28318530717959 0.417336878495792

1.5707963267949 -6.28318530717959 0.93249104937963
1.5707963267949 -5.49778714378214 1.0656415883974
1.5707963267949 -4.71238898038469 5.22830932309006
1.5707963267949 -3.92699081698724 1.81220018777181
1.5707963267949 -3.14159265358979 1.84641924927795
1.5707963267949 -2.35619449019234 1.81184626944405
1.5707963267949 -1.5707963267949 5.23246465462961
1.5707963267949 -0.785398163397448 1.06564922821022
1.5707963267949 0 0.93249104937963
1.5707963267949 0.785398163397448 1.0656415883974
1.5707963267949 1.5707963267949 5.22830932309006
1.5707963267949 2.35619449019234 1.81220018777181
1.5707963267949 3.14159265358979 1.84641924927795
1.5707963267949 3.92699081698724 1.81184626944405
1.5707963267949 4.71238898038469 5.23246465462961
1.5707963267949 5.49778714378214 1.06564922821022
1.5707963267949 6.28318530717959 0.932491049379631

2.35619449019234 -6.28318530717959 1.97249841318293
2.35619449019234 -5.49778714378214 1.72607960809722
2.35619449019234 -4.71238898038469 1.99403263202251
2.35619449019234 -3.92699081698724 1.62217252810696
2.35619449019234 -3.14159265358979 1.55258236237506
2.35619449019234 -2.35619449019234 1.62239352516849
2.35619449019234 -1.5707963267949 1.99305271647348
2.35619449019234 -0.785398163397448 1.72507885475798
2.35619449019234 0 1.97249841318293
2.35619449019234 0.785398163397448 1.72607960809722
2.35619449019234 1.5707963267949 1.99403263202251
2.35619449019234 2.35619449019234 1.62217252810696
2.35619449019234 3.14159265358979 1.55258236237506
2.35619449019234 3.92699081698724 1.62239352516849
2.35619449019234 4.71238898038469 1.99305271647348
2.35619449019234 5.49778714378214 1.72507885475798
2.35619449019234 6.28318530717959 1.97249841318293

3.14159265358979 -6.28318530717959 10.3011083578873
3.14159265358979 -5.49778714378214 2.09313025533054
3.14159265358979 -4.71238898038469 1.76821320662836
3.14159265358979 -3.92699081698724 1.50560721872649
3.14159265358979 -3.14159265358979 1.46394146784679
3.14159265358979 -2.35619449019234 1.50560721872649
3.14159265358979 -1.5707963267949 1.76821320662836
3.14159265358979 -0.785398163397448 2.09313025533054
3.14159265358979 0 10.3011083578873
3.14159265358979 0.785398163397448 2.09313025533054
3.14159265358979 1.5707963267949 1.76821320662836
3.14159265358979 2.35619449019234 1.50560721872649
3.14159265358979 3.14159265358979 1.46394146784679
3.14159265358979 3.92699081698724 1.50560721872649
3.14159265358979 4.71238898038469 1.76821320662836
3.14159265358979 5.49778714378214 2.09313025533054
3.14159265358979 6.28318530717959 10.3011083578873

3.92699081698724 -6.28318530717959 1.97249841318293
3.92699081698724 -5.49778714378214 1.72507885475798
3.92699081698724 -4.71238898038469 1.99305271647348
3.92699081698724 -3.92699081698724 1.62239352516849
3.92699081698724 -3.14159265358979 1.55258236237505
3.92699081698724 -2.35619449019234 1.62217252810696
3.92699081698724 -1.5707963267949 1.99403263202251
3.92699081698724 -0.785398163397448 1.72607960809722
3.92699081698724 0 1.97249841318293
3.92699081698724 0.785398163397448 1.72507885475798
3.92699081698724 1.5707963267949 1.99305271647348
3.92699081698724 2.35619449019234 1.62239352516849
3.92699081698724 3.14159265358979 1.55258236237505
3.92699081698724 3.92699081698724 1.62217252810696
3.92699081698724 4.71238898038469 1.99403263202251
3.92699081698724 5.49778714378214 1.72607960809722
3.92699081698724 6.28318530717959 1.97249841318293

4.71238898038469 -6.28318530717959 0.932491049379631
4.71238898038469 -5.49778714378214 1.06564922821021
4.71238898038469 -4.71238898038469 5.23246465462961
4.71238898038469 -3.92699081698724 1.81184626944405
4.71238898038469 -3.14159265358979 1.84641924927795
4.71238898038469 -2.35619449019234 1.81220018777181
4.71238898038469 -1.5707963267949 5.22830932309006
4.71238898038469 -0.785398163397448 1.0656415883974
4.71238898038469 0 0.93249104937963
4.71238898038469 0.785398163397448 1.06564922821022
4.71238898038469 1.5707963267949 5.23246465462961
4.71238898038469 2.35619449019234 1.81184626944405
4.71238898038469 3.14159265358979 1.84641924927795
4.71238898038469 3.92699081698724 1.81220018777181
4.71238898038469 4.71238898038469 5.22830932309006
4.71238898038469 5.49778714378214 1.0656415883974
4.71238898038469 6.28318530717959 0.932491049379632

5.49778714378214 -6.28318530717959 0.41733687849579
5.49778714378214 -5.49778714378214 0.583906874024297
5.49778714378214 -4.71238898038469 1.27671648584545
5.49778714378214 -3.92699081698724 1.83583566124516
5.49778714378214 -3.14159265358979 2.65328729294996
5.49778714378214 -2.35619449019234 1.83649864237649
5.49778714378214 -1.5707963267949 1.27731421814162
5.49778714378214 -0.785398163397448 0.584072302209713
5.49778714378214 0 0.417336878495793
5.49778714378214 0.785398163397448 0.583906874024297
5.49778714378214 1.5707963267949 1.27671648584545
5.49778714378214 2.35619449019234 1.83583566124516
5.49778714378214 3.14159265358979 2.65328729294995
5.49778714378214 3.92699081698724 1.83649864237649
5.49778714378214 4.71238898038469 1.27731421814162
5.49778714378214 5.49778714378214 0.584072302209712
5.49778714378214 6.28318530717959 0.417336878495791

6.28318530717959 -6.28318530717959 0.16672663475304
6.28318530717959 -5.49778714378214 0.42112803867356
6.28318530717959 -4.71238898038469 0.994045202316879
6.28318530717959 -3.92699081698724 1.81546532264931
6.28318530717959 -3.14159265358979 11.5372839595166
6.28318530717959 -2.35619449019234 1.81546532264931
6.28318530717959 -1.5707963267949 0.994045202316878
6.28318530717959 -0.785398163397448 0.421128038673561
6.28318530717959 0 0.16672663475304
6.28318530717959 0.785398163397448 0.421128038673562
6.28318530717959 1.5707963267949 0.994045202316878
6.28318530717959 2.35619449019234 1.81546532264931
6.28318530717959 3.14159265358979 11.5372839595166
6.28318530717959 3.92699081698724 1.81546532264931
6.28318530717959 4.71238898038469 0.994045202316879
6.28318530717959 5.49778714378214 0.42112803867356
6.28318530717959 6.28318530717959 0.16672663475304

