-6.28319 -6.28319 0.0525409630037335
-6.28318530717959 -5.49778714378214 0.410595432057979
-6.28318530717959 -4.71238898038469 1.02203312641139
-6.28318530717959 -3.92699081698724 2.3080159333449
-6.28318530717959 -3.14159265358979 32.1174106417712
-6.28318530717959 -2.35619449019234 2.3080159333449
-6.28318530717959 -1.5707963267949 1.02203312641138
-6.28318530717959 -0.785398163397448 0.410595432057985
-6.28318530717959 0 0.0525409630037335
-6.28318530717959 0.785398163397448 0.410595432057985
-6.28318530717959 1.5707963267949 1.02203312641138
-6.28318530717959 2.35619449019234 2.3080159333449
-6.28318530717959 3.14159265358979 32.1174106417712
-6.28318530717959 3.92699081698724 2.3080159333449
-6.28318530717959 4.71238898038469 1.02203312641139
-6.28318530717959 5.49778714378214 0.41059543205798
-6.28318530717959 6.28318530717959 0.0525409630037335

-5.49778714378214 -6.28318530717959 0.148617047576422
-5.49778714378214 -5.49778714378214 0.462611802643916
-5.49778714378214 -4.71238898038469 1.0807571450253
-5.49778714378214 -3.92699081698724 2.31358667979101
-5.49778714378214 -3.14159265358979 7.6266028882123
-5.49778714378214 -2.35619449019234 2.31355447904671
-5.49778714378214 -1.5707963267949 1.08074438900286
-5.49778714378214 -0.785398163397448 0.462605819542397
-5.49778714378214 0 0.14861704757642
-5.49778714378214 0.785398163397448 0.46261180264392
-5.49778714378214 1.5707963267949 1.0807571450253
-5.49778714378214 2.35619449019234 2.31358667979102
-5.49778714378214 3.14159265358979 7.62660288821231
-5.49778714378214 3.92699081698724 2.3135544790467
-5.49778714378214 4.71238898038469 1.08074438900286
-5.49778714378214 5.49778714378214 0.462605819542394
-5.49778714378214 6.28318530717959 0.148617047576422

-4.71238898038469 -6.28318530717959 0.336999563854587
-4.71238898038469 -5.49778714378214 0.626642611450005
-4.71238898038469 -4.71238898038469 1.29174829776547
-4.71238898038469 -3.92699081698724 2.25832723018328
-4.71238898038469 -3.14159265358979 3.71442289699985
-4.71238898038469 -2.35619449019234 2.25829458849397
-4.71238898038469 -1.5707963267949 1.29170793148227
-4.71238898038469 -0.785398163397448 0.626645184599526
-4.71238898038469 0 0.336999563854587
-4.71238898038469 0.785398163397448 0.626642611450009
-4.71238898038469 1.5707963267949 1.29174829776547
-4.71238898038469 2.35619449019234 2.25832723018328
-4.71238898038469 3.14159265358979 3.71442289699985
-4.71238898038469 3.92699081698724 2.25829458849397
-4.71238898038469 4.71238898038469 1.29170793148227
-4.71238898038469 5.49778714378214 0.626645184599523
-4.71238898038469 6.28318530717959 0.336999563854587

-3.92699081698724 -6.28318530717959 0.583707908001846
-3.92699081698724 -5.49778714378214 0.842853915808955
-3.92699081698724 -4.71238898038469 1.43125314496212
-3.92699081698724 -3.92699081698724 1.88151130699781
-3.92699081698724 -3.14159265358979 2.33462352069107
-3.92699081698724 -2.35619449019234 1.88150769672082
-3.92699081698724 -1.5707963267949 1.43123337465376
-3.92699081698724 -0.785398163397448 0.842790867329461
-3.92699081698724 0 0.583707908001845
-3.92699081698724 0.785398163397448 0.842853915808957
-3.92699081698724 1.5707963267949 1.43125314496212
-3.92699081698724 2.35619449019234 1.88151130699781
-3.92699081698724 3.14159265358979 2.33462352069106
-3.92699081698724 3.92699081698724 1.88150769672082
-3.92699081698724 4.71238898038469 1.43123337465376
-3.92699081698724 5.49778714378214 0.842790867329458
-3.92699081698724 6.28318530717959 0.583707908001845

-3.14159265358979 -6.28318530717959 0.748084500055693
-3.14159265358979 -5.49778714378214 0.92681869194219
-3.14159265358979 -4.71238898038469 1.26038299684276
-3.14159265358979 -3.92699081698724 1.5365394979208
-3.14159265358979 -3.14159265358979 1.90649195645839
-3.14159265358979 -2.35619449019234 1.5365394979208
-3.14159265358979 -1.5707963267949 1.26038299684276
-3.14159265358979 -0.785398163397448 0.926818691942192
-3.14159265358979 0 0.748084500055693
-3.14159265358979 0.785398163397448 0.926818691942192
-3.14159265358979 1.5707963267949 1.26038299684276
-3.14159265358979 2.35619449019234 1.5365394979208
-3.14159265358979 3.14159265358979 1.90649195645839
-3.14159265358979 3.92699081698724 1.5365394979208
-3.14159265358979 4.71238898038469 1.26038299684276
-3.14159265358979 5.49778714378214 0.926818691942191
-3.14159265358979 6.28318530717959 0.748084500055693

-2.35619449019234 -6.28318530717959 0.583707908001847
-2.35619449019234 -5.49778714378214 0.842790867329456
-2.35619449019234 -4.71238898038469 1.43123337465376
-2.35619449019234 -3.92699081698724 1.88150769672082
-2.35619449019234 -3.14159265358979 2.33462352069107
-2.35619449019234 -2.35619449019234 1.88151130699781
-2.35619449019234 -1.5707963267949 1.43125314496212
-2.35619449019234 -0.785398163397448 0.842853915808956
-2.35619449019234 0 0.583707908001845
-2.35619449019234 0.785398163397448 0.84279086732946
-2.35619449019234 1.5707963267949 1.43123337465376
-2.35619449019234 2.35619449019234 1.88150769672082
-2.35619449019234 3.14159265358979 2.33462352069107
-2.35619449019234 3.92699081698724 1.88151130699781
-2.35619449019234 4.71238898038469 1.43125314496212
-2.35619449019234 5.49778714378214 0.842853915808954
-2.35619449019234 6.28318530717959 0.583707908001846

-1.5707963267949 -6.28318530717959 0.336999563854588
-1.5707963267949 -5.49778714378214 0.626645184599526
-1.5707963267949 -4.71238898038469 1.29170793148227
-1.5707963267949 -3.92699081698724 2.25829458849397
-1.5707963267949 -3.14159265358979 3.71442289699985
-1.5707963267949 -2.35619449019234 2.25832723018328
-1.5707963267949 -1.5707963267949 1.29174829776547
-1.5707963267949 -0.785398163397448 0.626642611450009
-1.5707963267949 0 0.336999563854587
-1.5707963267949 0.785398163397448 0.626645184599528
-1.5707963267949 1.5707963267949 1.29170793148227
-1.5707963267949 2.35619449019234 2.25829458849397
-1.5707963267949 3.14159265358979 3.71442289699985
-1.5707963267949 3.92699081698724 2.25832723018328
-1.5707963267949 4.71238898038469 1.29174829776547
-1.5707963267949 5.49778714378214 0.626642611450005
-1.5707963267949 6.28318530717959 0.336999563854587

-0.785398163397448 -6.28318530717959 0.148617047576421
-0.785398163397448 -5.49778714378214 0.462605819542393
-0.785398163397448 -4.71238898038469 1.08074438900287
-0.785398163397448 -3.92699081698724 2.31355447904671
-0.785398163397448 -3.14159265358979 7.62660288821231
-0.785398163397448 -2.35619449019234 2.31358667979101
-0.785398163397448 -1.5707963267949 1.0807571450253
-0.785398163397448 -0.785398163397448 0.462611802643918
-0.785398163397448 0 0.14861704757642
-0.785398163397448 0.785398163397448 0.462605819542396
-0.785398163397448 1.5707963267949 1.08074438900287
-0.785398163397448 2.35619449019234 2.31355447904671
-0.785398163397448 3.14159265358979 7.62660288821231
-0.785398163397448 3.92699081698724 2.31358667979101
-0.785398163397448 4.71238898038469 1.0807571450253
-0.785398163397448 5.49778714378214 0.462611802643914
-0.785398163397448 6.28318530717959 0.148617047576421

0 -6.28318530717959 0.0525409630037335
0 -5.49778714378214 0.410595432057983
0 -4.71238898038469 1.02203312641138
0 -3.92699081698724 2.3080159333449
0 -3.14159265358979 32.1174106417712
0 -2.35619449019234 2.3080159333449
0 -1.5707963267949 1.02203312641138
0 -0.785398163397448 0.410595432057991
0 0 0.0525409630037335
0 0.785398163397448 0.410595432057991
0 1.5707963267949 1.02203312641138
0 2.35619449019234 2.3080159333449
0 3.14159265358979 32.1174106417712
0 3.92699081698724 2.3080159333449
0 4.71238898038469 1.02203312641138
0 5.49778714378214 0.410595432057983
0 6.28318530717959 0.0525409630037335

0.785398163397448 -6.28318530717959 0.148617047576421
0.785398163397448 -5.49778714378214 0.462611802643914
0.785398163397448 -4.71238898038469 1.0807571450253
0.785398163397448 -3.92699081698724 2.31358667979101
0.785398163397448 -3.14159265358979 7.62660288821231
0.785398163397448 -2.35619449019234 2.31355447904671
0.785398163397448 -1.5707963267949 1.08074438900287
0.785398163397448 -0.785398163397448 0.462605819542396
0.785398163397448 0 0.14861704757642
0.785398163397448 0.785398163397448 0.462611802643918
0.785398163397448 1.5707963267949 1.0807571450253
0.785398163397448 2.35619449019234 2.31358667979101
0.785398163397448 3.14159265358979 7.62660288821231
0.785398163397448 3.92699081698724 2.31355447904671
0.785398163397448 4.71238898038469 1.08074438900287
0.785398163397448 5.49778714378214 0.462605819542393
0.785398163397448 6.28318530717959 0.148617047576421

1.5707963267949 -6.28318530717959 0.336999563854587
1.5707963267949 -5.49778714378214 0.626642611450005
1.5707963267949 -4.71238898038469 1.29174829776547
1.5707963267949 -3.92699081698724 2.25832723018328
1.5707963267949 -3.14159265358979 3.71442289699985
1.5707963267949 -2.35619449019234 2.25829458849397
1.5707963267949 -1.5707963267949 1.29170793148227
1.5707963267949 -0.785398163397448 0.626645184599528
1.5707963267949 0 0.336999563854587
1.5707963267949 0.785398163397448 0.626642611450009
1.5707963267949 1.5707963267949 1.29174829776547
1.5707963267949 2.35619449019234 2.25832723018328
1.5707963267949 3.14159265358979 3.71442289699985
1.5707963267949 3.92699081698724 2.25829458849397
1.5707963267949 4.71238898038469 1.29170793148227
1.5707963267949 5.49778714378214 0.626645184599526
1.5707963267949 6.28318530717959 0.336999563854588

2.35619449019234 -6.28318530717959 0.583707908001846
2.35619449019234 -5.49778714378214 0.842853915808954
2.35619449019234 -4.71238898038469 1.43125314496212
2.35619449019234 -3.92699081698724 1.88151130699781
2.35619449019234 -3.14159265358979 2.33462352069107
2.35619449019234 -2.35619449019234 1.88150769672082
2.35619449019234 -1.5707963267949 1.43123337465376
2.35619449019234 -0.785398163397448 0.84279086732946
2.35619449019234 0 0.583707908001845
2.35619449019234 0.785398163397448 0.842853915808956
2.35619449019234 1.5707963267949 1.43125314496212
2.35619449019234 2.35619449019234 1.88151130699781
2.35619449019234 3.14159265358979 2.33462352069107
2.35619449019234 3.92699081698724 1.88150769672082
2.35619449019234 4.71238898038469 1.43123337465376
2.35619449019234 5.49778714378214 0.842790867329456
2.35619449019234 6.28318530717959 0.583707908001847

3.14159265358979 -6.28318530717959 0.748084500055693
3.14159265358979 -5.49778714378214 0.926818691942191
3.14159265358979 -4.71238898038469 1.26038299684276
3.14159265358979 -3.92699081698724 1.5365394979208
3.14159265358979 -3.14159265358979 1.90649195645839
3.14159265358979 -2.35619449019234 1.5365394979208
3.14159265358979 -1.5707963267949 1.26038299684276
3.14159265358979 -0.785398163397448 0.926818691942192
3.14159265358979 0 0.748084500055693
3.14159265358979 0.785398163397448 0.926818691942192
3.14159265358979 1.5707963267949 1.26038299684276
3.14159265358979 2.35619449019234 1.5365394979208
3.14159265358979 3.14159265358979 1.90649195645839
3.14159265358979 3.92699081698724 1.5365394979208
3.14159265358979 4.71238898038469 1.26038299684276
3.14159265358979 5.49778714378214 0.92681869194219
3.14159265358979 6.28318530717959 0.748084500055693

3.92699081698724 -6.28318530717959 0.583707908001845
3.92699081698724 -5.49778714378214 0.842790867329458
3.92699081698724 -4.71238898038469 1.43123337465376
3.92699081698724 -3.92699081698724 1.88150769672082
3.92699081698724 -3.14159265358979 2.33462352069106
3.92699081698724 -2.35619449019234 1.88151130699781
3.92699081698724 -1.5707963267949 1.43125314496212
3.92699081698724 -0.785398163397448 0.842853915808957
3.92699081698724 0 0.583707908001845
3.92699081698724 0.785398163397448 0.842790867329461
3.92699081698724 1.5707963267949 1.43123337465376
3.92699081698724 2.35619449019234 1.88150769672082
3.92699081698724 3.14159265358979 2.33462352069107
3.92699081698724 3.92699081698724 1.88151130699781
3.92699081698724 4.71238898038469 1.43125314496212
3.92699081698724 5.49778714378214 0.842853915808955
3.92699081698724 6.28318530717959 0.583707908001846

4.71238898038469 -6.28318530717959 0.336999563854587
4.71238898038469 -5.49778714378214 0.626645184599523
4.71238898038469 -4.71238898038469 1.29170793148227
4.71238898038469 -3.92699081698724 2.25829458849397
4.71238898038469 -3.14159265358979 3.71442289699985
4.71238898038469 -2.35619449019234 2.25832723018328
4.71238898038469 -1.5707963267949 1.29174829776547
4.71238898038469 -0.785398163397448 0.626642611450009
4.71238898038469 0 0.336999563854587
4.71238898038469 0.785398163397448 0.626645184599526
4.71238898038469 1.5707963267949 1.29170793148227
4.71238898038469 2.35619449019234 2.25829458849397
4.71238898038469 3.14159265358979 3.71442289699985
4.71238898038469 3.92699081698724 2.25832723018328
4.71238898038469 4.71238898038469 1.29174829776547
4.71238898038469 5.49778714378214 0.626642611450005
4.71238898038469 6.28318530717959 0.336999563854587

5.49778714378214 -6.28318530717959 0.148617047576422
5.49778714378214 -5.49778714378214 0.462605819542394
5.49778714378214 -4.71238898038469 1.08074438900286
5.49778714378214 -3.92699081698724 2.3135544790467
5.49778714378214 -3.14159265358979 7.62660288821231
5.49778714378214 -2.35619449019234 2.31358667979102
5.49778714378214 -1.5707963267949 1.0807571450253
5.49778714378214 -0.785398163397448 0.46261180264392
5.49778714378214 0 0.14861704757642
5.49778714378214 0.785398163397448 0.462605819542397
5.49778714378214 1.5707963267949 1.08074438900286
5.49778714378214 2.35619449019234 2.31355447904671
5.49778714378214 3.14159265358979 7.6266028882123
5.49778714378214 3.92699081698724 2.31358667979101
5.49778714378214 4.71238898038469 1.0807571450253
5.49778714378214 5.49778714378214 0.462611802643916
5.49778714378214 6.28318530717959 0.148617047576422

6.28318530717959 -6.28318530717959 0.0525409630037335
6.28318530717959 -5.49778714378214 0.41059543205798
6.28318530717959 -4.71238898038469 1.02203312641139
6.28318530717959 -3.92699081698724 2.3080159333449
6.28318530717959 -3.14159265358979 32.1174106417712
6.28318530717959 -2.35619449019234 2.3080159333449
6.28318530717959 -1.5707963267949 1.02203312641138
6.28318530717959 -0.785398163397448 0.410595432057985
6.28318530717959 0 0.0525409630037335
6.28318530717959 0.785398163397448 0.410595432057985
6.28318530717959 1.5707963267949 1.02203312641138
6.28318530717959 2.35619449019234 2.3080159333449
6.28318530717959 3.14159265358979 32.1174106417712
6.28318530717959 3.92699081698724 2.3080159333449
6.28318530717959 4.71238898038469 1.02203312641139
6.28318530717959 5.49778714378214 0.410595432057979
6.28318530717959 6.28318530717959 0.0525409630037335

