#i ; <Sz>, Nx*Ny=30*8, hz=0.5
#
#j2=0.5, Jx = 0.45
1 0.598606
2 -0.506674
3 0.597604
4 -0.506182
5 0.598974
6 -0.507182
7 0.599971
8 -0.506648
9 0.312503
10 -0.559872
11 0.312167
12 -0.560802
13 0.311669
14 -0.563368
15 0.311954
16 -0.563016
17 0.60897
18 -0.218519
19 0.607641
20 -0.217637
21 0.609115
22 -0.214571
23 0.609928
24 -0.216712
25 0.138641
26 -0.644569
27 0.138864
28 -0.645101
29 0.136825
30 -0.645606
31 0.136291
32 -0.64661
33 0.669454
34 -0.0861993
35 0.668425
36 -0.0831083
37 0.668791
38 -0.0832748
39 0.668869
40 -0.082168
41 0.049707
42 -0.682221
43 0.0506008
44 -0.682444
45 0.0491019
46 -0.682511
47 0.0500315
48 -0.683431
49 0.691427
50 -0.0303559
51 0.690586
52 -0.030628
53 0.69069
54 -0.0293367
55 0.690651
56 -0.0304439
57 0.0201586
58 -0.69535
59 0.0195134
60 -0.695474
61 0.0200167
62 -0.695482
63 0.0198795
64 -0.696295
65 0.699347
66 -0.0153536
67 0.698509
68 -0.0136392
69 0.698612
70 -0.014721
71 0.698477
72 -0.0136427
73 0.0111094
74 -0.700262
75 0.0123031
76 -0.700425
77 0.011021
78 -0.700358
79 0.012793
80 -0.701197
81 0.702377
82 -0.010484
83 0.701596
84 -0.0104311
85 0.701645
86 -0.00990384
87 0.701546
88 -0.0104589
89 0.0102857
90 -0.702196
91 0.00910485
92 -0.702314
93 0.0102127
94 -0.702279
95 0.00961933
96 -0.703073
97 0.703561
98 -0.0100825
99 0.702735
100 -0.00885985
101 0.702826
102 -0.0095242
103 0.702672
104 -0.00889908
105 0.0083274
106 -0.702864
107 0.0100634
108 -0.703014
109 0.00825973
110 -0.702936
111 0.0105897
112 -0.703766
113 0.703873
114 -0.00949941
115 0.7031
116 -0.00902435
117 0.703133
118 -0.00894523
119 0.70303
120 -0.00906526
121 0.010022
122 -0.702962
123 0.00824157
124 -0.703077
125 0.00995545
126 -0.703031
127 0.00876737
128 -0.703829
129 0.703725
130 -0.00975708
131 0.702895
132 -0.00895318
133 0.702985
134 -0.0092045
135 0.70282
136 -0.00899713
137 0.00817278
138 -0.702493
139 0.0105714
140 -0.70264
141 0.00810822
142 -0.702556
143 0.0111036
144 -0.703388
145 0.702846
146 -0.010341
147 0.702081
148 -0.00946158
149 0.7021
150 -0.0097962
151 0.701999
152 -0.00950636
153 0.0116886
154 -0.701101
155 0.00916861
156 -0.701208
157 0.0116329
158 -0.70115
159 0.0097222
160 -0.701954
161 0.700586
162 -0.0122183
163 0.699742
164 -0.011828
165 0.699823
166 -0.0117042
167 0.699638
168 -0.0118987
169 0.0130239
170 -0.697404
171 0.0162341
172 -0.69753
173 0.0130061
174 -0.697426
175 0.0168541
176 -0.698277
177 0.694648
178 -0.0209956
179 0.693871
180 -0.0197661
181 0.693826
182 -0.0206041
183 0.693725
184 -0.01989
185 0.032523
186 -0.687932
187 0.02907
188 -0.687966
189 0.0326923
190 -0.687845
191 0.0300682
192 -0.688718
193 0.679083
194 -0.0502686
195 0.678158
196 -0.0506357
197 0.678083
198 -0.0508493
199 0.677834
200 -0.051233
201 0.081721
202 -0.661508
203 0.0852679
204 -0.661404
205 0.0827407
206 -0.661047
207 0.0883883
208 -0.662078
209 0.633629
210 -0.134642
211 0.632463
212 -0.133996
213 0.632024
214 -0.137506
215 0.63131
216 -0.136085
217 0.207271
218 -0.585671
219 0.202571
220 -0.584855
221 0.208192
222 -0.582927
223 0.20718
224 -0.584648
225 0.505408
226 -0.264802
227 0.506582
228 -0.265107
229 0.502581
230 -0.264716
231 0.501741
232 -0.266041
233 0.387734
234 -0.480392
235 0.389474
236 -0.479039
237 0.387203
238 -0.477596
239 0.389014
240 -0.478481












#j2=0.58, Jx = 0.2
1 0.368179
2 -0.347875
3 0.333699
4 -0.329911
5 0.327509
6 -0.329914
7 0.333704
8 -0.347871
9 0.341494
10 -0.348149
11 0.348111
12 -0.346793
13 0.346161
14 -0.346817
15 0.348139
16 -0.348164
17 0.360283
18 -0.360303
19 0.362091
20 -0.363018
21 0.362888
22 -0.363039
23 0.36213
24 -0.360355
25 0.373869
26 -0.373164
27 0.371628
28 -0.372123
29 0.372228
30 -0.372132
31 0.371649
32 -0.373198
33 0.381357
34 -0.381857
35 0.382282
36 -0.381999
37 0.381735
38 -0.382003
39 0.382285
40 -0.381885
41 0.389634
42 -0.389614
43 0.389499
44 -0.389674
45 0.389627
46 -0.389676
47 0.389501
48 -0.38964
49 0.396163
50 -0.396104
51 0.395997
52 -0.396059
53 0.396085
54 -0.396059
55 0.395997
56 -0.396128
57 0.401381
58 -0.401445
59 0.401472
60 -0.401454
61 0.401377
62 -0.401453
63 0.401471
64 -0.401468
65 0.4059
66 -0.405871
67 0.405837
68 -0.405869
69 0.405871
70 -0.405868
71 0.405836
72 -0.405895
73 0.40948
74 -0.409467
75 0.409452
76 -0.409463
77 0.409452
78 -0.409462
79 0.40945
80 -0.40949
81 0.412332
82 -0.412322
83 0.412319
84 -0.412319
85 0.412306
86 -0.412318
87 0.412317
88 -0.412344
89 0.414535
90 -0.414514
91 0.414504
92 -0.414511
93 0.414508
94 -0.414509
95 0.414502
96 -0.414536
97 0.416119
98 -0.4161
99 0.416096
100 -0.416096
101 0.416092
102 -0.416095
103 0.416093
104 -0.416122
105 0.417145
106 -0.417125
107 0.417121
108 -0.417121
109 0.417118
110 -0.417119
111 0.417119
112 -0.417146
113 0.41764
114 -0.417617
115 0.417614
116 -0.417613
117 0.417612
118 -0.417612
119 0.417611
120 -0.417638
121 0.417615
122 -0.417592
123 0.417591
124 -0.417589
125 0.417588
126 -0.417586
127 0.417588
128 -0.417614
129 0.417075
130 -0.417052
131 0.41705
132 -0.417047
133 0.417047
134 -0.417045
135 0.417047
136 -0.417071
137 0.416003
138 -0.415979
139 0.415978
140 -0.415974
141 0.415975
142 -0.415973
143 0.415975
144 -0.415998
145 0.414371
146 -0.414343
147 0.414347
148 -0.414345
149 0.414343
150 -0.414336
151 0.414343
152 -0.414369
153 0.412137
154 -0.412116
155 0.412113
156 -0.4121
157 0.41211
158 -0.412108
159 0.412109
160 -0.412123
161 0.409245
162 -0.40921
163 0.409219
164 -0.409208
165 0.409215
166 -0.409203
167 0.409216
168 -0.409233
169 0.405615
170 -0.405562
171 0.405591
172 -0.405593
173 0.405588
174 -0.405554
175 0.405587
176 -0.405618
177 0.401161
178 -0.40117
179 0.401149
180 -0.401071
181 0.401145
182 -0.401161
183 0.401133
184 -0.401072
185 0.395801
186 -0.395676
187 0.395735
188 -0.395759
189 0.39573
190 -0.395666
191 0.395772
192 -0.395834
193 0.389301
194 -0.389168
195 0.389339
196 -0.38929
197 0.389334
198 -0.389156
199 0.38927
200 -0.389293
201 0.381543
202 -0.381948
203 0.381664
204 -0.381393
205 0.381657
206 -0.381935
207 0.381512
208 -0.381011
209 0.372863
210 -0.371317
211 0.3718
212 -0.371892
213 0.371787
214 -0.371287
215 0.372826
216 -0.37353
217 0.360035
218 -0.361812
219 0.362722
220 -0.362565
221 0.362698
222 -0.361764
223 0.359979
224 -0.359955
225 0.347876
226 -0.347848
227 0.346528
228 -0.345869
229 0.346504
230 -0.347817
231 0.347858
232 -0.341199
233 0.347616
234 -0.333442
235 0.329656
236 -0.327247
237 0.329654
238 -0.333438
239 0.34762
240 -0.367923








#j2=0.5, Jx = 0.32
1 0.548961
2 -0.548733
3 0.548742
4 -0.548832
5 0.548976
6 -0.549049
7 0.549194
8 -0.548988
9 0.412603
10 -0.412489
11 0.412442
12 -0.412506
13 0.412631
14 -0.412728
15 0.412845
16 -0.412709
17 0.35763
18 -0.357439
19 0.357388
20 -0.357428
21 0.357528
22 -0.357608
23 0.357898
24 -0.357805
25 0.328451
26 -0.328391
27 0.328235
28 -0.328192
29 0.328219
30 -0.328265
31 0.328485
32 -0.328511
33 0.309573
34 -0.30957
35 0.309387
36 -0.309314
37 0.309324
38 -0.309361
39 0.309549
40 -0.309531
41 0.296653
42 -0.29664
43 0.296459
44 -0.296412
45 0.296399
46 -0.296426
47 0.296608
48 -0.29664
49 0.287298
50 -0.287295
51 0.287112
52 -0.287072
53 0.287055
54 -0.287079
55 0.287265
56 -0.28729
57 0.280332
58 -0.280336
59 0.280157
60 -0.280105
61 0.280098
62 -0.280124
63 0.280297
64 -0.280314
65 0.275007
66 -0.275007
67 0.274829
68 -0.274787
69 0.274776
70 -0.274802
71 0.274976
72 -0.274992
73 0.270824
74 -0.27082
75 0.270648
76 -0.270605
77 0.270599
78 -0.270623
79 0.270797
80 -0.270814
81 0.267431
82 -0.267431
83 0.267257
84 -0.267216
85 0.267209
86 -0.267236
87 0.267405
88 -0.267421
89 0.264561
90 -0.26456
91 0.264389
92 -0.264347
93 0.264342
94 -0.264368
95 0.264535
96 -0.264551
97 0.261994
98 -0.261992
99 0.261823
100 -0.261784
101 0.261778
102 -0.261803
103 0.261972
104 -0.261986
105 0.259544
106 -0.259541
107 0.259373
108 -0.259337
109 0.259329
110 -0.259359
111 0.25952
112 -0.259539
113 0.257035
114 -0.257039
115 0.256869
116 -0.256831
117 0.256826
118 -0.256853
119 0.257017
120 -0.25703
121 0.254305
122 -0.25431
123 0.254142
124 -0.254105
125 0.254096
126 -0.254121
127 0.254287
128 -0.254299
129 0.251176
130 -0.251177
131 0.251015
132 -0.250974
133 0.250967
134 -0.250991
135 0.251152
136 -0.251168
137 0.247449
138 -0.247457
139 0.24729
140 -0.247257
141 0.247244
142 -0.247267
143 0.247424
144 -0.247439
145 0.242919
146 -0.242924
147 0.242769
148 -0.242726
149 0.242718
150 -0.242733
151 0.242894
152 -0.242904
153 0.237345
154 -0.237348
155 0.237197
156 -0.237153
157 0.237138
158 -0.237159
159 0.23731
160 -0.237327
161 0.230454
162 -0.230458
163 0.230311
164 -0.230265
165 0.230251
166 -0.230259
167 0.230411
168 -0.23043
169 0.221959
170 -0.221963
171 0.22182
172 -0.221777
173 0.221751
174 -0.221767
175 0.221905
176 -0.221935
177 0.211561
178 -0.211574
179 0.211436
180 -0.21139
181 0.211359
182 -0.21137
183 0.211502
184 -0.211534
185 0.198992
186 -0.199012
187 0.198871
188 -0.198829
189 0.198789
190 -0.198798
191 0.198913
192 -0.198956
193 0.184031
194 -0.184053
195 0.183932
196 -0.18388
197 0.183826
198 -0.183827
199 0.183936
200 -0.183983
201 0.166586
202 -0.166636
203 0.166522
204 -0.166466
205 0.16639
206 -0.1664
207 0.166485
208 -0.166547
209 0.1469
210 -0.146936
211 0.146822
212 -0.146758
213 0.14666
214 -0.146651
215 0.146695
216 -0.146796
217 0.12571
218 -0.125818
219 0.125687
220 -0.12561
221 0.125464
222 -0.125412
223 0.125411
224 -0.12559
225 0.103606
226 -0.103689
227 0.103633
228 -0.103592
229 0.103486
230 -0.103473
231 0.103471
232 -0.103551
233 0.0945086
234 -0.0945498
235 0.0944971
236 -0.0945326
237 0.0945058
238 -0.0945305
239 0.0945022
240 -0.0945506






#j2=0.5, Jx = 0.1
1 0.596244
2 -0.596176
3 0.596199
4 -0.596306
5 0.596455
6 -0.596603
7 0.596686
8 -0.596609
9 -0.470392
10 0.470337
11 -0.470425
12 0.47065
13 -0.470913
14 0.471158
15 -0.471262
16 0.471065
17 0.424017
18 -0.424024
19 0.42413
20 -0.424329
21 0.424559
22 -0.424767
23 0.424833
24 -0.424596
25 -0.399128
26 0.399212
27 -0.399273
28 0.399367
29 -0.399494
30 0.399628
31 -0.399668
32 0.399454
33 0.382313
34 -0.382436
35 0.382466
36 -0.382479
37 0.382533
38 -0.382616
39 0.382639
40 -0.382454
41 -0.369819
42 0.369968
43 -0.36998
44 0.369948
45 -0.369962
46 0.370019
47 -0.370029
48 0.369862
49 0.360047
50 -0.360208
51 0.360211
52 -0.360157
53 0.360151
54 -0.360197
55 0.360198
56 -0.360042
57 -0.352127
58 0.352291
59 -0.352294
60 0.352228
61 -0.352214
62 0.352255
63 -0.352254
64 0.352101
65 0.345514
66 -0.34568
67 0.345683
68 -0.345612
69 0.345595
70 -0.345636
71 0.345632
72 -0.345482
73 -0.339817
74 0.339983
75 -0.339987
76 0.339913
77 -0.339896
78 0.339937
79 -0.339933
80 0.339784
81 0.334735
82 -0.334899
83 0.334904
84 -0.334828
85 0.334813
86 -0.334855
87 0.334849
88 -0.334702
89 -0.330021
90 0.330184
91 -0.33019
92 0.330113
93 -0.330099
94 0.33014
95 -0.330134
96 0.329988
97 0.325461
98 -0.325624
99 0.32563
100 -0.325554
101 0.325537
102 -0.325579
103 0.325572
104 -0.325428
105 -0.320867
106 0.321028
107 -0.321035
108 0.320958
109 -0.320939
110 0.320981
111 -0.320972
112 0.320831
113 0.316056
114 -0.316217
115 0.316224
116 -0.316145
117 0.316124
118 -0.316165
119 0.316155
120 -0.316017
121 -0.310853
122 0.311013
123 -0.311022
124 0.31094
125 -0.310918
126 0.310956
127 -0.310944
128 0.310808
129 0.305084
130 -0.305244
131 0.305253
132 -0.305169
133 0.305142
134 -0.305178
135 0.305163
136 -0.305032
137 -0.29857
138 0.29873
139 -0.298739
140 0.298651
141 -0.298622
142 0.298653
143 -0.298636
144 0.298508
145 0.291127
146 -0.291288
147 0.291296
148 -0.291205
149 0.291171
150 -0.291198
151 0.291177
152 -0.291053
153 -0.282574
154 0.282736
155 -0.282742
156 0.282648
157 -0.282606
158 0.282628
159 -0.282603
160 0.282487
161 0.272726
162 -0.272886
163 0.272892
164 -0.272792
165 0.272743
166 -0.272758
167 0.272728
168 -0.272621
169 -0.261408
170 0.261567
171 -0.261573
172 0.261466
173 -0.261409
174 0.261415
175 -0.261381
176 0.261282
177 0.248444
178 -0.248605
179 0.248607
180 -0.248494
181 0.248427
182 -0.248421
183 0.248384
184 -0.248293
185 -0.233731
186 0.233895
187 -0.233892
188 0.233772
189 -0.233692
190 0.233671
191 -0.233628
192 0.233549
193 0.217084
194 -0.217249
195 0.21724
196 -0.217109
197 0.217012
198 -0.216972
199 0.216921
200 -0.216859
201 -0.198691
202 0.198857
203 -0.198841
204 0.198696
205 -0.198576
206 0.198511
207 -0.198453
208 0.198412
209 0.177999
210 -0.178171
211 0.178141
212 -0.177978
213 0.177825
214 -0.177725
215 0.177656
216 -0.177643
217 -0.156771
218 0.156927
219 -0.156885
220 0.156714
221 -0.156541
222 0.156416
223 -0.156342
224 0.156366
225 0.131403
226 -0.131514
227 0.131457
228 -0.131296
229 0.131134
230 -0.131016
231 0.130968
232 -0.131023
233 -0.11335
234 0.113393
235 -0.113355
236 0.113274
237 -0.113194
238 0.113142
239 -0.113128
240 0.113166


