#Pining of hz on edge sites
#j2=0.5 Jx=0.32
#Ny=8 Nx=30

#hz=0.5
1 0.784204
2 -0.783995
3 0.784045
4 -0.784158
5 0.784311
6 -0.784437
7 0.784553
8 -0.78435
9 0.504621
10 -0.504447
11 0.504433
12 -0.504565
13 0.504735
14 -0.504827
15 0.504995
16 -0.504766
17 0.405957
18 -0.405804
19 0.405757
20 -0.405785
21 0.405895
22 -0.406006
23 0.406211
24 -0.406116
25 0.358595
26 -0.358489
27 0.358356
28 -0.358334
29 0.358367
30 -0.358411
31 0.358698
32 -0.35869
33 0.330094
34 -0.330071
35 0.329889
36 -0.329823
37 0.329833
38 -0.329874
39 0.330079
40 -0.330091
41 0.311151
42 -0.311146
43 0.310953
44 -0.310882
45 0.310877
46 -0.310904
47 0.311094
48 -0.311099
49 0.297706
50 -0.2977
51 0.297517
52 -0.297467
53 0.297442
54 -0.297466
55 0.297655
56 -0.297695
57 0.287814
58 -0.287816
59 0.287629
60 -0.287586
61 0.287566
62 -0.287592
63 0.287774
64 -0.2878
65 0.280308
66 -0.280316
67 0.280132
68 -0.280084
69 0.280072
70 -0.280099
71 0.280271
72 -0.28029
73 0.274456
74 -0.274456
75 0.274282
76 -0.274236
77 0.274224
78 -0.274246
79 0.274423
80 -0.274438
81 0.269746
82 -0.269742
83 0.269571
84 -0.269527
85 0.269518
86 -0.26954
87 0.269713
88 -0.269732
89 0.265805
90 -0.265805
91 0.265633
92 -0.265588
93 0.265581
94 -0.265607
95 0.265775
96 -0.265792
97 0.262351
98 -0.262349
99 0.262177
100 -0.262134
101 0.262132
102 -0.262152
103 0.26232
104 -0.262336
105 0.259137
106 -0.259134
107 0.258966
108 -0.258929
109 0.258916
110 -0.258948
111 0.259105
112 -0.259133
113 0.255952
114 -0.255963
115 0.25579
116 -0.255754
117 0.255742
118 -0.25577
119 0.255935
120 -0.255949
121 0.252624
122 -0.252631
123 0.252462
124 -0.252424
125 0.252417
126 -0.252435
127 0.252602
128 -0.25261
129 0.248946
130 -0.248946
131 0.248785
132 -0.248741
133 0.248736
134 -0.248755
135 0.248918
136 -0.248931
137 0.244705
138 -0.244707
139 0.244551
140 -0.244506
141 0.244497
142 -0.244517
143 0.244675
144 -0.244692
145 0.239687
146 -0.239693
147 0.239536
148 -0.239496
149 0.239483
150 -0.2395
151 0.239655
152 -0.239668
153 0.233656
154 -0.233658
155 0.233511
156 -0.233464
157 0.23345
158 -0.233465
159 0.233615
160 -0.233634
161 0.226347
162 -0.22635
163 0.226201
164 -0.226161
165 0.226142
166 -0.226153
167 0.226298
168 -0.226321
169 0.217489
170 -0.217496
171 0.217353
172 -0.217307
173 0.217283
174 -0.217297
175 0.21743
176 -0.217463
177 0.206809
178 -0.206823
179 0.206687
180 -0.20664
181 0.206606
182 -0.206616
183 0.206746
184 -0.206778
185 0.194067
186 -0.194085
187 0.193948
188 -0.193901
189 0.193862
190 -0.193869
191 0.19398
192 -0.194029
193 0.179066
194 -0.179088
195 0.178967
196 -0.178917
197 0.178858
198 -0.178861
199 0.178963
200 -0.179016
201 0.161742
202 -0.161795
203 0.161683
204 -0.161625
205 0.161549
206 -0.161558
207 0.161638
208 -0.161702
209 0.142361
210 -0.142395
211 0.142286
212 -0.142224
213 0.142121
214 -0.142114
215 0.142156
216 -0.142256
217 0.121641
218 -0.121749
219 0.121613
220 -0.121539
221 0.121399
222 -0.121346
223 0.121341
224 -0.121521
225 0.100144
226 -0.100224
227 0.100171
228 -0.10013
229 0.100024
230 -0.100013
231 0.10001
232 -0.100089
233 0.09129
234 -0.0913324
235 0.0912803
236 -0.0913178
237 0.0912904
238 -0.0913166
239 0.0912868
240 -0.0913351




#hz=0.1
1 0.548961
2 -0.548733
3 0.548742
4 -0.548832
5 0.548976
6 -0.549049
7 0.549194
8 -0.548988
9 0.412603
10 -0.412489
11 0.412442
12 -0.412506
13 0.412631
14 -0.412728
15 0.412845
16 -0.412709
17 0.35763
18 -0.357439
19 0.357388
20 -0.357428
21 0.357528
22 -0.357608
23 0.357898
24 -0.357805
25 0.328451
26 -0.328391
27 0.328235
28 -0.328192
29 0.328219
30 -0.328265
31 0.328485
32 -0.328511
33 0.309573
34 -0.30957
35 0.309387
36 -0.309314
37 0.309324
38 -0.309361
39 0.309549
40 -0.309531
41 0.296653
42 -0.29664
43 0.296459
44 -0.296412
45 0.296399
46 -0.296426
47 0.296608
48 -0.29664
49 0.287298
50 -0.287295
51 0.287112
52 -0.287072
53 0.287055
54 -0.287079
55 0.287265
56 -0.28729
57 0.280332
58 -0.280336
59 0.280157
60 -0.280105
61 0.280098
62 -0.280124
63 0.280297
64 -0.280314
65 0.275007
66 -0.275007
67 0.274829
68 -0.274787
69 0.274776
70 -0.274802
71 0.274976
72 -0.274992
73 0.270824
74 -0.27082
75 0.270648
76 -0.270605
77 0.270599
78 -0.270623
79 0.270797
80 -0.270814
81 0.267431
82 -0.267431
83 0.267257
84 -0.267216
85 0.267209
86 -0.267236
87 0.267405
88 -0.267421
89 0.264561
90 -0.26456
91 0.264389
92 -0.264347
93 0.264342
94 -0.264368
95 0.264535
96 -0.264551
97 0.261994
98 -0.261992
99 0.261823
100 -0.261784
101 0.261778
102 -0.261803
103 0.261972
104 -0.261986
105 0.259544
106 -0.259541
107 0.259373
108 -0.259337
109 0.259329
110 -0.259359
111 0.25952
112 -0.259539
113 0.257035
114 -0.257039
115 0.256869
116 -0.256831
117 0.256826
118 -0.256853
119 0.257017
120 -0.25703
121 0.254305
122 -0.25431
123 0.254142
124 -0.254105
125 0.254096
126 -0.254121
127 0.254287
128 -0.254299
129 0.251176
130 -0.251177
131 0.251015
132 -0.250974
133 0.250967
134 -0.250991
135 0.251152
136 -0.251168
137 0.247449
138 -0.247457
139 0.24729
140 -0.247257
141 0.247244
142 -0.247267
143 0.247424
144 -0.247439
145 0.242919
146 -0.242924
147 0.242769
148 -0.242726
149 0.242718
150 -0.242733
151 0.242894
152 -0.242904
153 0.237345
154 -0.237348
155 0.237197
156 -0.237153
157 0.237138
158 -0.237159
159 0.23731
160 -0.237327
161 0.230454
162 -0.230458
163 0.230311
164 -0.230265
165 0.230251
166 -0.230259
167 0.230411
168 -0.23043
169 0.221959
170 -0.221963
171 0.22182
172 -0.221777
173 0.221751
174 -0.221767
175 0.221905
176 -0.221935
177 0.211561
178 -0.211574
179 0.211436
180 -0.21139
181 0.211359
182 -0.21137
183 0.211502
184 -0.211534
185 0.198992
186 -0.199012
187 0.198871
188 -0.198829
189 0.198789
190 -0.198798
191 0.198913
192 -0.198956
193 0.184031
194 -0.184053
195 0.183932
196 -0.18388
197 0.183826
198 -0.183827
199 0.183936
200 -0.183983
201 0.166586
202 -0.166636
203 0.166522
204 -0.166466
205 0.16639
206 -0.1664
207 0.166485
208 -0.166547
209 0.1469
210 -0.146936
211 0.146822
212 -0.146758
213 0.14666
214 -0.146651
215 0.146695
216 -0.146796
217 0.12571
218 -0.125818
219 0.125687
220 -0.12561
221 0.125464
222 -0.125412
223 0.125411
224 -0.12559
225 0.103606
226 -0.103689
227 0.103633
228 -0.103592
229 0.103486
230 -0.103473
231 0.103471
232 -0.103551
233 0.0945086
234 -0.0945498
235 0.0944971
236 -0.0945326
237 0.0945058
238 -0.0945305
239 0.0945022
240 -0.0945506









#hz=0.05
1 0.426597
2 -0.426421
3 0.426424
4 -0.426475
5 0.426571
6 -0.426606
7 0.426726
8 -0.426576
9 0.342393
10 -0.342303
11 0.342247
12 -0.342297
13 0.342421
14 -0.342506
15 0.342604
16 -0.342477
17 0.313037
18 -0.312819
19 0.312783
20 -0.312844
21 0.312964
22 -0.313043
23 0.313321
24 -0.313217
25 0.297838
26 -0.29778
27 0.297641
28 -0.297602
29 0.297645
30 -0.297692
31 0.297893
32 -0.297913
33 0.288171
34 -0.288167
35 0.28799
36 -0.287929
37 0.287946
38 -0.287987
39 0.288155
40 -0.288132
41 0.281678
42 -0.281668
43 0.281497
44 -0.28146
45 0.281458
46 -0.281484
47 0.28166
48 -0.281681
49 0.277062
50 -0.277053
51 0.276883
52 -0.276846
53 0.276837
54 -0.276862
55 0.277045
56 -0.277062
57 0.273676
58 -0.273677
59 0.273499
60 -0.273457
61 0.273452
62 -0.273488
63 0.273657
64 -0.273669
65 0.271127
66 -0.271127
67 0.270951
68 -0.270909
69 0.27091
70 -0.270935
71 0.271111
72 -0.271121
73 0.269143
74 -0.269136
75 0.268967
76 -0.26893
77 0.268925
78 -0.268952
79 0.269126
80 -0.269141
81 0.267522
82 -0.26752
83 0.267348
84 -0.26731
85 0.267308
86 -0.26734
87 0.26751
88 -0.267521
89 0.266115
90 -0.266114
91 0.265942
92 -0.265906
93 0.265904
94 -0.265934
95 0.266105
96 -0.266114
97 0.264792
98 -0.264787
99 0.264619
100 -0.264581
101 0.26458
102 -0.26461
103 0.264782
104 -0.264791
105 0.263425
106 -0.263423
107 0.263252
108 -0.263217
109 0.263217
110 -0.263247
111 0.263415
112 -0.263427
113 0.261895
114 -0.261895
115 0.261726
116 -0.26169
117 0.261689
118 -0.261718
119 0.261887
120 -0.261897
121 0.260074
122 -0.260075
123 0.259908
124 -0.259871
125 0.259869
126 -0.259896
127 0.260064
128 -0.260074
129 0.257812
130 -0.257811
131 0.257646
132 -0.257611
133 0.257605
134 -0.257635
135 0.257799
136 -0.257811
137 0.254927
138 -0.254932
139 0.254765
140 -0.254732
141 0.254723
142 -0.254754
143 0.254913
144 -0.25493
145 0.251218
146 -0.25123
147 0.251063
148 -0.25103
149 0.251021
150 -0.251043
151 0.251211
152 -0.251217
153 0.24645
154 -0.246455
155 0.2463
156 -0.24626
157 0.246248
158 -0.246274
159 0.24643
160 -0.246442
161 0.240324
162 -0.240333
163 0.240178
164 -0.240139
165 0.240127
166 -0.240141
167 0.240301
168 -0.240311
169 0.232518
170 -0.232525
171 0.232378
172 -0.232336
173 0.232316
174 -0.232332
175 0.232485
176 -0.232501
177 0.222675
178 -0.222687
179 0.222545
180 -0.222501
181 0.222476
182 -0.222489
183 0.222631
184 -0.222653
185 0.210453
186 -0.210471
187 0.21033
188 -0.210288
189 0.210254
190 -0.210262
191 0.21039
192 -0.210424
193 0.195554
194 -0.195576
195 0.19545
196 -0.195402
197 0.195352
198 -0.195355
199 0.195472
200 -0.195514
201 0.177809
202 -0.177862
203 0.177743
204 -0.177688
205 0.177618
206 -0.177626
207 0.177725
208 -0.177777
209 0.157426
210 -0.15746
211 0.157344
212 -0.157281
213 0.15718
214 -0.157172
215 0.157223
216 -0.157322
217 0.13515
218 -0.135267
219 0.135133
220 -0.135051
221 0.134906
222 -0.134848
223 0.134853
224 -0.13503
225 0.111644
226 -0.111728
227 0.111674
228 -0.111628
229 0.11152
230 -0.111504
231 0.11151
232 -0.111586
233 0.101982
234 -0.10202
235 0.101966
236 -0.101997
237 0.101972
238 -0.101993
239 0.101968
240 -0.102017







#hz=0.01
1 0.197343
2 -0.197246
3 0.197269
4 -0.19727
5 0.197324
6 -0.197316
7 0.197408
8 -0.197322
9 0.183672
10 -0.18359
11 0.183569
12 -0.18359
13 0.183713
14 -0.18377
15 0.183846
16 -0.183739
17 0.193774
18 -0.193567
19 0.193559
20 -0.193621
21 0.193766
22 -0.193848
23 0.194027
24 -0.193915
25 0.205195
26 -0.205112
27 0.205031
28 -0.205034
29 0.205119
30 -0.205171
31 0.205321
32 -0.205308
33 0.216025
34 -0.215998
35 0.215871
36 -0.215846
37 0.215897
38 -0.215948
39 0.216084
40 -0.216039
41 0.225389
42 -0.225357
43 0.225224
44 -0.225208
45 0.225243
46 -0.225279
47 0.225432
48 -0.225423
49 0.233136
50 -0.233105
51 0.232966
52 -0.23295
53 0.232969
54 -0.233009
55 0.23316
56 -0.233168
57 0.239351
58 -0.239349
59 0.239189
60 -0.239167
61 0.239183
62 -0.239224
63 0.23938
64 -0.239373
65 0.24424
66 -0.24423
67 0.244074
68 -0.244048
69 0.244059
70 -0.244098
71 0.244254
72 -0.244256
73 0.247968
74 -0.247961
75 0.247802
76 -0.247777
77 0.247784
78 -0.247818
79 0.24798
80 -0.247983
81 0.250717
82 -0.250712
83 0.250551
84 -0.250521
85 0.250528
86 -0.250559
87 0.250728
88 -0.250725
89 0.252622
90 -0.252614
91 0.252454
92 -0.252421
93 0.252429
94 -0.252461
95 0.252625
96 -0.252628
97 0.253777
98 -0.253772
99 0.253608
100 -0.253573
101 0.253583
102 -0.253607
103 0.253779
104 -0.25378
105 0.254244
106 -0.254236
107 0.254076
108 -0.254042
109 0.254042
110 -0.254076
111 0.254238
112 -0.254248
113 0.25404
114 -0.254041
115 0.253873
116 -0.25384
117 0.253843
118 -0.253868
119 0.254038
120 -0.254043
121 0.253156
122 -0.253151
123 0.25299
124 -0.252956
125 0.252951
126 -0.252986
127 0.253141
128 -0.25316
129 0.251515
130 -0.251523
131 0.251353
132 -0.251323
133 0.25132
134 -0.251344
135 0.251512
136 -0.251516
137 0.249033
138 -0.249034
139 0.248874
140 -0.248836
141 0.24883
142 -0.248858
143 0.249019
144 -0.249029
145 0.245541
146 -0.245546
147 0.245386
148 -0.245349
149 0.245341
150 -0.245363
151 0.245525
152 -0.245535
153 0.24085
154 -0.240853
155 0.2407
156 -0.240659
157 0.240649
158 -0.240672
159 0.240827
160 -0.240839
161 0.234711
162 -0.234716
163 0.234566
164 -0.234526
165 0.234513
166 -0.234526
167 0.234681
168 -0.234696
169 0.226842
170 -0.226848
171 0.226705
172 -0.226662
173 0.226641
174 -0.226656
175 0.226802
176 -0.226823
177 0.216936
178 -0.216948
179 0.216807
180 -0.216764
181 0.216735
182 -0.216749
183 0.216886
184 -0.216912
185 0.204698
186 -0.204715
187 0.204577
188 -0.204531
189 0.204498
190 -0.204505
191 0.204625
192 -0.204665
193 0.189875
194 -0.189897
195 0.189772
196 -0.189726
197 0.18967
198 -0.189676
199 0.189786
200 -0.189834
201 0.172345
202 -0.172398
203 0.172282
204 -0.172225
205 0.172155
206 -0.17216
207 0.172258
208 -0.172311
209 0.152345
210 -0.152379
211 0.152264
212 -0.152202
213 0.152102
214 -0.152096
215 0.15214
216 -0.152241
217 0.130617
218 -0.130729
219 0.130596
220 -0.130517
221 0.130373
222 -0.130316
223 0.13032
224 -0.130497
225 0.107796
226 -0.107879
227 0.107823
228 -0.10778
229 0.107673
230 -0.107659
231 0.107661
232 -0.107739
233 0.0984079
234 -0.0984477
235 0.0983944
236 -0.0984273
237 0.0984016
238 -0.0984243
239 0.0983977
240 -0.0984464







